156	30918
421	30197
398	17107
74	15367
18	14173
131	13863
77	7851.7
237	7667.4
56	6880
318	5738.1
251	4782.6
28	4692.6
297	4077.4
379	3915.7
249	3902.8
252	3684.6
428	3135.4
106	2884.8
245	2774.3
59	2708.7
418	2593.4
107	2492.5
268	2481.6
298	2474.8
228	2439.4
388	2382.2
241	2357.8
312	2266
235	2204.5
262	2178
30	2170.3
387	2166.1
383	2164.3
267	2124.1
277	2076.1
403	2058.5
250	2014.1
69	1969.8
292	1941.3
255	1922.3
384	1847.5
103	1696
176	1684.2
419	1672.3
293	1633.5
119	1631.5
133	1554.2
14	1501.3
193	1492.7
415	1482
389	1457.5
300	1456.2
203	1399.3
234	1385.7
236	1368.4
412	1338.9
400	1334.4
301	1316.6
27	1302.4
124	1297.6
155	1291.2
424	1265.6
377	1265.3
11	1239.1
117	1223.9
448	1188
310	1159.3
220	1122
12	1081.2
231	1077.5
128	1068.1
206	1066.7
319	1057.8
227	1019.6
443	1010.5
41	1006.9
20	1002.5
420	992.06
314	987.41
408	968.63
136	957.45
317	955.14
207	952.7
113	929.29
385	887.33
36	887.1
31	884.87
405	877.09
266	875.68
261	854.29
23	851.52
335	850
259	850
122	845.24
99	843.27
123	841.63
378	838.41
146	791.16
24	789.44
13	784.27
217	757.37
125	751.66
186	751.42
323	714.66
211	711.66
357	710.5
414	709.61
130	698.22
239	677.78
5	657.45
15	653.7
17	652.15
105	651.23
139	628.6
51	611.45
373	607.69
98	605.22
9	603.97
200	601.73
247	589.9
114	588.07
437	587.69
386	584.58
449	565.97
308	562.93
253	545.72
315	540.55
115	522.86
86	508.47
299	508.35
132	483.19
257	480.93
4	479.97
6	471.45
112	471.38
121	449.71
265	427.33
150	420.19
134	418.14
26	410.29
393	395.57
197	387.24
29	385.49
70	382.64
7	379.46
244	378.6
306	377.27
445	377.21
33	375.59
296	370.92
290	368.92
35	366.87
396	361.46
309	359.73
219	356.11
84	348.95
101	342.17
10	340.36
90	337.49
167	336.46
254	334.02
232	331.1
427	329.04
38	325.82
447	322.75
426	320.24
278	316.78
71	316.55
194	315.68
313	311.69
120	302.92
196	299.42
111	297.52
8	292.14
165	284.75
198	281.26
89	281.05
311	270.01
336	268.43
334	265.45
104	262.89
210	261.72
109	254.37
64	250.97
295	247.69
22	246.37
225	244.86
40	244.84
349	234.67
199	234.58
110	230.47
57	227.41
43	227.3
423	226.32
94	223.78
404	220.13
192	218.75
72	217.41
179	212.59
116	210.62
441	202.44
45	199.01
248	197.99
183	195.89
331	195.33
118	192.97
60	187.95
381	186.54
402	185.06
233	181
243	174.88
214	174.07
303	169.13
229	167.9
320	166.55
321	164.81
285	163.8
44	163.72
53	163.1
67	157.41
444	156.08
85	155.15
330	153.62
3	151.25
352	151.19
205	149.21
158	147.61
411	142.55
413	139.56
224	139.5
78	139.01
350	138.75
126	135.54
166	134.98
185	132.89
327	131.79
68	126.1
286	125.12
333	123.21
230	118.54
178	118.34
81	115.19
216	115.11
37	114.85
342	114.35
62	113.89
329	113.42
97	109
221	106.47
160	105.61
218	103.91
39	103.54
164	102.22
76	101.64
34	99.235
147	95.511
153	93.151
212	93.08
271	87.943
48	87.066
391	82.18
181	81.468
442	77.489
302	76.385
143	75.493
129	75.401
281	73.633
145	73.42
16	72.076
102	71.53
284	70.855
184	66.027
32	62.561
42	61.294
163	60.651
95	60.597
93	57.926
213	56.686
79	56.433
328	53.952
226	52.766
50	52.58
191	52.424
269	52.243
339	52.026
372	51.623
142	51.539
438	50.241
141	50.091
49	49.973
91	49.186
66	49.053
149	48.394
154	47.754
127	47.616
162	47.502
63	46.972
171	46.643
273	43.358
351	41.219
135	41.009
201	40.127
361	39.774
440	37.731
202	36.859
148	36.229
157	35.581
272	35.539
425	35.318
83	35.051
137	32.785
343	32.318
406	32.07
169	31.611
108	31.303
274	31.041
170	30.158
294	29.494
151	28.721
435	27.642
365	27.39
19	27.054
392	26.2
82	26.07
287	24.937
304	23.464
325	23.341
246	22.355
356	21.662
363	20.723
397	20.596
382	19.578
450	19.363
264	19.238
188	18.903
338	16.807
159	15.916
168	15.911
152	15.45
52	15.307
73	14.339
215	13.339
354	13.068
175	12.731
47	12.445
80	11.85
353	11.644
189	11.395
409	11.372
144	10.795
21	10.773
187	10.56
291	10.466
96	9.7971
240	9.3186
54	9.2807
209	8.6078
172	8.5039
180	8.4611
367	8.2506
433	8.1806
431	7.8232
375	7.5501
270	7.5095
280	7.5095
173	6.5921
283	6.5691
307	6.3544
359	6.2709
289	5.687
276	5.6794
61	5.221
2	5
208	5
65	4.6104
282	4.1583
100	4.0576
348	3.9872
364	3.5044
451	3.473
371	3.1403
380	3.0516
288	2.881
182	2.8031
340	2.4799
358	2.0296
344	1.9888
345	1.9888
360	1.9888
429	1.933
390	1.514
92	1.2243
399	0.85502
190	0.76866
395	0.73333
376	0.68051
204	0.66667
223	0.66667
258	0.66667
326	0.66667
370	0.66667
446	0.66667
452	0.57143
140	0.55751
263	0.54286
46	0.5
434	0.28571
177	0.21497
436	0.18255
25	0
55	0
58	0
75	0
87	0
88	0
138	0
161	0
174	0
195	0
222	0
238	0
242	0
256	0
260	0
275	0
279	0
305	0
316	0
322	0
324	0
332	0
337	0
341	0
346	0
347	0
355	0
362	0
366	0
368	0
369	0
374	0
394	0
401	0
407	0
410	0
416	0
417	0
422	0
430	0
432	0
439	0
453	0
454	0
455	0
456	0
457	0
458	0
459	0
460	0
461	0
462	0
463	0
464	0
465	0
466	0
467	0
468	0
469	0
470	0
471	0
472	0
473	0
474	0
475	0
476	0
477	0
478	0
479	0
480	0
481	0
482	0
483	0
484	0
485	0
486	0
487	0
488	0
489	0
490	0
491	0
492	0
493	0
494	0
495	0
496	0
497	0
498	0
499	0
500	0
501	0
502	0
503	0
504	0
505	0
506	0
507	0
508	0
