=======================
=======================
k = 3
18
124
242

=======================
=======================
k = 5
138
33
37
53
242

=======================
=======================
k = 7
178
139
229
37
157
197
238 

=======================
=======================
k = 10
157
120
197
217
188
75
56
33
58
238

=======================
=======================
k = 12
72
151
89
231
33
61
157
153
210
135
134
238 

=======================
=======================
k = 15 
39
157
179
193
76
149
231
129
212
223
18
48
144
150
238

=======================
=======================
k = 17
166
240
16
149
147
179
187
29
118
137
156
161
36
39
18
80
238 

=======================
=======================
k = 20
87
168
184
154
179
217
89
73
138
143
165
167
123
210
110
108
144
18
48
238 
