412 1
193 1
285 1
341 1
324 1
270 1
229 1
461 1
279 1
238 1
650 1
540 1
410 1
281 1
590 1
145 1
139 1
544 1
468 1
651 1
333 1
515 1
85 1
376 1
382 1
222 1
485 1
37 1
201 1
452 1
491 1
509 1
346 1
411 1
620 1
609 1
95 1
577 1
315 1
470 1
295 1
268 1
326 1
423 1
511 1
379 1
50 1
91 1
124 1
185 1
11 1
390 1
177 1
56 1
420 1
162 1
186 1
484 1
49 1
287 1
405 1
396 1
477 1
47 1
652 1
115 1
82 1
575 1
608 1
459 1
305 1
282 1
641 1
648 1
363 1
258 1
208 1
545 1
14 1
603 1
561 1
419 1
634 1
435 1
42 1
493 1
199 1
533 1
276 1
89 1
217 1
318 1
283 1
261 1
432 1
636 1
523 1
35 1
531 1
392 1
489 1
413 1
103 1
178 1
237 1
599 1
264 1
284 1
510 1
80 1
12 1
16 1
536 1
181 1
323 1
475 1
273 1
28 1
519 1
632 1
431 1
33 1
32 1
314 1
135 1
250 1
4 1
131 1
146 1
554 1
192 1
300 1
560 1
474 1
437 1
242 1
26 1
23 1
69 1
654 1
58 1
338 1
367 1
463 1
144 1
595 1
521 1
36 1
598 1
241 1
83 1
13 1
125 1
8 1
5 1
31 1
133 1
534 1
113 1
429 1
71 1
156 1
481 1
130 1
522 1
247 1
122 1
605 1
543 1
422 1
476 1
171 1
328 1
438 1
513 1
553 1
114 1
582 1
643 1
149 1
126 1
618 1
389 1
195 1
445 1
352 1
550 1
97 1
219 1
383 1
387 1
6 1
362 1
548 1
190 1
226 1
272 1
330 1
358 1
59 1
399 1
401 1
347 1
52 1
84 1
21 1
583 1
644 1
564 1
169 1
216 1
606 1
621 1
570 1
159 1
9 1
557 1
302 1
277 1
72 1
266 1
443 1
331 1
542 1
645 1
34 1
407 1
62 1
308 1
298 1
140 1
640 1
447 1
64 1
393 1
622 1
386 1
572 1
63 1
426 1
147 1
517 1
260 1
152 1
356 1
235 1
565 1
256 1
197 1
611 1
182 1
70 1
129 1
301 1
137 1
335 1
252 1
345 1
646 1
322 1
213 1
75 1
498 1
581 1
267 1
398 1
203 1
635 1
53 1
530 1
377 1
444 1
274 1
188 1
520 1
600 1
337 1
478 1
263 1
292 1
612 1
68 1
243 1
93 1
118 1
653 1
196 1
458 1
78 1
299 1
434 1
384 1
500 1
402 1
183 1
142 1
378 1
30 1
117 1
194 1
321 1
433 1
348 1
483 1
224 1
638 1
535 1
143 1
623 1
290 1
148 1
166 1
110 1
105 1
449 1
307 1
471 1
409 1
446 1
289 1
239 1
457 1
615 1
73 1
508 1
319 1
316 1
506 1
251 1
65 1
503 1
86 1
482 1
388 1
624 1
249 1
514 1
296 1
627 1
187 1
138 1
454 1
210 1
38 1
67 1
549 1
647 1
132 1
41 1
584 1
167 1
559 1
451 1
344 1
81 1
57 1
61 1
571 1
460 1
221 1
170 1
127 1
607 1
248 1
236 1
525 1
99 1
499 1
479 1
613 1
339 1
596 1
271 1
310 1
104 1
415 1
7 1
360 1
211 1
153 1
349 1
448 1
45 1
466 1
179 1
556 1
60 1
526 1
223 1
492 1
303 1
552 1
487 1
566 1
280 1
306 1
580 1
205 1
610 1
123 1
1 206
1 537
1 164
1 516
1 136
1 619
1 165
1 92
1 428
1 585
1 48
1 628
1 497
1 291
1 486
1 55
1 202
1 397
1 220
1 370
1 616
1 630
1 439
1 529
1 108
1 374
1 625
1 225
1 76
1 87
1 502
1 494
1 2
1 312
1 168
1 120
1 567
1 207
1 96
1 204
1 441
1 436
1 472
1 293
1 579
1 119
1 528
1 597
1 495
1 594
1 563
1 414
1 430
1 649
1 593
1 573
1 112
1 40
1 576
1 592
1 361
1 562
1 464
1 246
1 212
1 106
1 527
1 365
1 626
1 17
1 109
1 163
1 637
1 184
1 456
1 371
1 253
1 15
1 588
1 173
1 408
1 209
1 391
1 301
1 3
1 501
1 424
1 233
1 642
1 98
1 198
1 480
1 465
1 74
1 150
1 230
1 359
1 629
1 404
1 366
1 313
1 79
1 406
1 589
1 43
1 157
1 395
1 317
1 44
1 51
1 329
1 343
1 244
1 66
1 161
1 633
1 180
1 20
1 512
1 372
1 488
1 394
1 490
1 380
1 373
1 578
1 200
1 558
1 655
1 265
1 155
1 254
1 546
1 385
1 381
1 418
1 39
1 88
1 286
1 473
1 507
1 368
1 369
1 400
1 340
1 259
1 102
1 262
1 539
1 591
1 656
1 134
1 297
1 538
1 176
1 228
1 255
1 27
1 325
1 541
1 245
1 269
1 354
1 587
1 453
1 257
1 147
1 309
1 403
1 18
1 617
1 22
1 631
1 547
1 505
1 25
1 568
1 375
1 320
1 332
1 174
1 327
1 107
1 462
1 334
1 231
1 569
1 440
1 154
1 518
1 294
1 94
1 524
1 353
1 601
1 555
1 278
1 364
1 288
1 311
1 425
1 54
1 100
1 450
1 614
1 175
1 191
1 111
1 355
1 214
1 141
1 455
1 29
1 551
1 467
1 240
1 586
1 158
1 504
1 215
1 10
1 19
1 421
1 101
1 160
1 416
1 351
1 189
1 496
1 357
1 24
1 151
1 427
1 469
1 532
1 275
1 602
1 336
1 604
1 442
1 121
1 304
1 218
1 417
1 128
1 639
1 46
1 172
1 350
1 232
1 342
1 77
1 90
1 227
1 574
1 234
1 116
412 285
412 341
412 324
412 229
412 333
412 95
412 511
412 50
412 420
412 575
412 608
412 419
412 178
412 599
412 80
412 16
412 475
412 632
412 135
412 554
412 560
412 521
412 125
412 8
412 5
412 31
412 133
412 543
412 422
412 582
412 149
412 445
412 330
412 583
412 169
412 331
412 640
412 64
412 63
412 70
412 137
412 377
412 482
412 187
412 81
412 339
412 153
412 202
412 293
412 365
412 371
412 233
412 51
412 473
412 101
412 160
412 351
412 469
193 173
285 341
285 324
285 270
285 229
285 461
285 238
285 410
285 145
285 139
285 515
285 452
285 491
285 95
285 50
285 91
285 390
285 420
285 162
285 287
285 608
285 258
285 14
285 435
285 42
285 103
285 599
285 510
285 80
285 536
285 323
285 475
285 632
285 33
285 554
285 463
285 521
285 5
285 31
285 133
285 543
285 328
285 114
285 582
285 219
285 169
285 331
285 308
285 640
285 64
285 63
285 356
285 70
285 377
285 402
285 187
285 81
285 153
285 202
285 293
285 365
285 626
285 371
285 233
285 198
285 309
285 154
285 351
285 151
285 232
341 324
341 270
341 229
341 461
341 238
341 590
341 145
341 139
341 333
341 452
341 491
341 95
341 511
341 50
341 11
341 390
341 420
341 162
341 287
341 652
341 575
341 608
341 459
341 14
341 42
341 413
341 178
341 510
341 16
341 536
341 519
341 632
341 314
341 135
341 560
341 463
341 521
341 125
341 8
341 5
341 31
341 133
341 543
341 328
341 114
341 149
341 583
341 169
341 216
341 606
341 443
341 331
341 308
341 64
341 152
341 356
341 182
341 70
341 137
341 402
341 482
341 187
341 81
341 571
341 153
341 628
341 202
341 293
341 365
341 626
341 233
341 198
341 546
341 309
341 320
341 154
341 160
341 351
341 151
341 232
324 270
324 229
324 461
324 238
324 145
324 139
324 452
324 509
324 95
324 511
324 91
324 390
324 420
324 287
324 652
324 608
324 459
324 258
324 14
324 42
324 261
324 178
324 510
324 536
324 323
324 632
324 431
324 33
324 314
324 554
324 560
324 521
324 125
324 5
324 31
324 543
324 328
324 114
324 149
324 219
324 84
324 583
324 169
324 331
324 640
324 64
324 393
324 356
324 70
324 377
324 251
324 482
324 451
324 81
324 153
324 628
324 616
324 293
324 592
324 371
324 233
324 343
324 154
324 214
324 29
324 351
324 151
324 232
270 511
270 91
270 11
270 420
270 14
270 419
270 42
270 599
270 510
270 536
270 632
270 554
270 560
270 31
270 328
270 438
270 114
270 582
270 352
270 330
270 169
270 331
270 64
270 63
270 356
270 137
270 377
270 187
270 153
270 45
270 487
270 202
270 616
270 371
270 343
270 473
270 269
270 631
270 154
270 518
270 551
270 160
270 151
229 461
229 238
229 410
229 590
229 145
229 139
229 452
229 509
229 609
229 95
229 511
229 91
229 11
229 390
229 420
229 287
229 652
229 575
229 608
229 459
229 258
229 14
229 42
229 261
229 413
229 178
229 510
229 431
229 314
229 554
229 521
229 5
229 31
229 133
229 543
229 328
229 114
229 149
229 219
229 84
229 583
229 169
229 331
229 393
229 70
229 148
229 187
229 451
229 104
229 153
229 616
229 293
229 592
229 365
229 626
229 371
229 301
229 198
229 490
229 154
229 151
461 238
461 139
461 544
461 333
461 452
461 609
461 95
461 511
461 56
461 162
461 652
461 608
461 459
461 419
461 435
461 413
461 178
461 554
461 463
461 125
461 133
461 543
461 328
461 126
461 550
461 169
461 393
461 70
461 377
461 402
461 187
461 344
461 153
461 371
461 198
461 286
461 154
461 518
279 305
279 413
279 300
279 522
279 422
279 70
279 274
279 378
279 457
279 454
279 81
279 339
279 552
279 516
279 55
279 625
279 225
279 293
279 527
279 365
279 391
279 198
279 51
279 254
279 39
279 27
279 325
279 269
279 601
279 364
279 100
279 551
279 421
279 160
279 351
279 602
238 410
238 139
238 333
238 452
238 491
238 95
238 511
238 50
238 420
238 287
238 652
238 575
238 608
238 14
238 419
238 42
238 413
238 510
238 536
238 519
238 554
238 521
238 31
238 133
238 543
238 328
238 114
238 149
238 219
238 583
238 70
238 137
238 377
238 514
238 187
238 344
238 81
238 153
238 293
238 233
238 198
238 490
238 286
238 309
238 154
238 518
238 351
238 232
540 185
540 282
540 545
540 636
540 595
540 387
540 252
540 444
540 30
540 497
540 395
540 394
540 539
540 541
410 139
410 515
410 452
410 491
410 509
410 95
410 56
410 287
410 258
410 14
410 419
410 435
410 318
410 523
410 392
410 413
410 510
410 323
410 554
410 560
410 463
410 31
410 438
410 513
410 582
410 149
410 445
410 330
410 84
410 216
410 606
410 443
410 140
410 393
410 63
410 70
410 535
410 251
410 482
410 451
410 571
410 479
410 153
410 486
410 343
410 490
410 473
410 631
410 320
410 425
410 175
410 357
410 151
410 469
281 544
281 485
281 423
281 287
281 305
281 126
281 75
281 600
281 292
281 68
281 148
281 457
281 454
281 549
281 81
281 613
281 211
281 349
281 45
281 610
281 370
281 494
281 527
281 371
281 391
281 155
281 39
281 309
281 601
281 555
281 54
281 100
281 191
281 19
281 160
281 427
281 532
281 46
590 145
590 139
590 333
590 509
590 95
590 511
590 162
590 608
590 413
590 178
590 536
590 431
590 314
590 521
590 36
590 169
590 331
590 356
590 256
590 70
590 549
590 344
590 81
590 104
590 153
590 628
590 494
590 293
590 592
590 365
590 626
590 371
590 286
590 505
590 154
590 160
590 351
145 139
145 651
145 333
145 452
145 491
145 509
145 511
145 91
145 390
145 56
145 420
145 162
145 287
145 652
145 575
145 459
145 258
145 14
145 419
145 42
145 261
145 413
145 510
145 536
145 181
145 323
145 28
145 431
145 33
145 314
145 554
145 560
145 437
145 463
145 521
145 125
145 543
145 438
145 513
145 114
145 149
145 219
145 84
145 21
145 583
145 169
145 216
145 606
145 407
145 152
145 356
145 182
145 70
145 137
145 274
145 148
145 251
145 81
145 104
145 628
145 486
145 293
145 592
145 527
145 365
145 626
145 371
145 301
145 490
145 546
145 102
145 255
145 309
145 505
145 154
145 100
145 160
145 351
145 151
139 333
139 515
139 452
139 491
139 509
139 95
139 511
139 91
139 11
139 390
139 420
139 162
139 287
139 652
139 575
139 608
139 459
139 258
139 14
139 42
139 261
139 413
139 178
139 510
139 16
139 536
139 181
139 323
139 519
139 632
139 431
139 314
139 554
139 560
139 463
139 521
139 36
139 125
139 8
139 31
139 133
139 543
139 328
139 114
139 149
139 550
139 219
139 330
139 84
139 583
139 169
139 331
139 308
139 640
139 64
139 426
139 356
139 256
139 70
139 137
139 377
139 402
139 148
139 251
139 482
139 187
139 451
139 81
139 571
139 104
139 153
139 628
139 486
139 616
139 108
139 293
139 365
139 371
139 233
139 198
139 546
139 297
139 154
139 425
139 29
139 160
139 151
139 232
544 382
544 56
544 47
544 115
544 432
544 554
544 463
544 302
544 393
544 75
544 292
468 185
468 545
468 595
468 387
468 260
468 565
468 30
468 497
468 395
468 161
468 539
651 333
651 95
651 177
651 56
651 420
651 162
651 103
651 12
651 32
651 554
651 437
651 521
651 156
651 226
651 272
651 644
651 256
651 267
651 377
651 274
651 321
651 508
651 81
651 104
651 48
651 486
651 220
651 625
651 436
651 293
651 597
651 649
651 626
651 102
651 504
651 351
651 218
333 452
333 511
333 50
333 420
333 162
333 608
333 459
333 435
333 42
333 413
333 510
333 536
333 28
333 519
333 314
333 521
333 31
333 133
333 543
333 114
333 169
333 331
333 308
333 64
333 152
333 256
333 70
333 402
333 187
333 344
333 81
333 153
333 628
333 293
333 365
333 626
333 233
333 198
333 546
333 286
333 154
333 232
515 452
515 509
515 609
515 11
515 287
515 82
515 258
515 208
515 419
515 435
515 318
515 261
515 523
515 510
515 323
515 135
515 560
515 463
515 8
515 31
515 476
515 438
515 513
515 553
515 114
515 582
515 445
515 550
515 330
515 169
515 606
515 443
515 140
515 393
515 70
515 377
515 535
515 623
515 482
515 571
515 479
515 153
515 486
515 579
515 626
515 371
515 301
515 233
515 343
515 490
515 286
515 473
515 631
515 320
515 231
515 425
515 175
515 357
515 151
515 469
515 639
85 343
376 577
376 326
376 634
376 199
376 276
376 531
376 12
376 32
376 156
376 618
376 548
376 52
376 644
376 34
376 386
376 256
376 581
376 478
376 196
376 471
376 615
376 73
376 647
376 303
376 48
376 436
376 495
376 430
376 637
376 15
376 404
376 313
376 380
376 578
382 305
382 302
382 75
382 558
382 355
485 295
485 213
485 93
485 67
485 549
485 494
485 558
485 400
485 10
37 432
37 103
37 159
37 267
37 223
37 631
37 94
201 411
201 477
201 33
201 247
201 226
201 272
201 159
201 118
201 409
201 296
201 627
201 223
201 576
201 488
201 655
201 507
201 375
201 94
201 524
452 491
452 509
452 95
452 511
452 50
452 91
452 390
452 420
452 287
452 652
452 82
452 575
452 608
452 459
452 258
452 14
452 419
452 435
452 42
452 318
452 523
452 178
452 510
452 16
452 536
452 181
452 323
452 519
452 135
452 560
452 463
452 521
452 36
452 8
452 31
452 133
452 543
452 476
452 328
452 438
452 513
452 553
452 114
452 582
452 149
452 445
452 550
452 219
452 330
452 84
452 21
452 583
452 169
452 216
452 606
452 9
452 443
452 331
452 140
452 64
452 393
452 356
452 182
452 70
452 137
452 292
452 535
452 482
452 451
452 81
452 571
452 479
452 104
452 153
452 628
452 486
452 293
452 579
452 365
452 626
452 371
452 301
452 343
452 490
452 286
452 473
452 631
452 320
452 518
452 425
452 175
452 29
452 357
452 151
452 469
491 509
491 346
491 411
491 609
491 95
491 511
491 420
491 82
491 608
491 413
491 178
491 16
491 536
491 323
491 314
491 554
491 560
491 125
491 8
491 133
491 543
491 328
491 582
491 149
491 330
491 583
491 169
491 331
491 640
491 393
491 70
491 377
491 402
491 344
491 81
491 365
491 233
491 198
491 286
491 297
491 231
491 154
491 518
509 511
509 91
509 11
509 390
509 287
509 652
509 82
509 575
509 258
509 14
509 419
509 435
509 42
509 261
509 413
509 178
509 510
509 536
509 273
509 28
509 135
509 554
509 560
509 125
509 8
509 5
509 31
509 133
509 543
509 476
509 513
509 553
509 114
509 582
509 149
509 445
509 550
509 97
509 219
509 330
509 84
509 583
509 169
509 216
509 606
509 9
509 443
509 331
509 152
509 137
509 402
509 535
509 623
509 251
509 344
509 81
509 571
509 104
509 153
509 619
509 616
509 108
509 371
509 233
509 286
509 297
509 631
509 231
509 425
509 160
509 151
509 469
509 639
346 411
346 609
346 314
346 393
346 70
346 571
411 609
411 652
411 208
411 33
411 314
411 126
411 377
411 402
411 344
411 571
411 154
620 326
620 634
620 199
620 276
620 89
620 318
620 283
620 531
620 437
620 125
620 156
620 548
620 52
620 644
620 72
620 34
620 256
620 137
620 335
620 321
620 615
620 73
620 647
620 104
620 303
620 619
620 48
620 436
620 495
620 430
620 649
620 637
620 343
620 578
620 102
620 231
620 614
609 95
609 511
609 91
609 652
609 82
609 575
609 208
609 419
609 42
609 89
609 178
609 510
609 16
609 314
609 135
609 560
609 463
609 328
609 438
609 513
609 582
609 330
609 84
609 21
609 583
609 216
609 72
609 443
609 182
609 137
609 377
609 299
609 402
609 623
609 344
609 104
609 448
609 628
609 486
609 293
609 365
609 301
609 343
609 286
609 631
609 320
609 278
609 425
609 357
95 511
95 91
95 162
95 287
95 608
95 459
95 14
95 435
95 42
95 178
95 510
95 16
95 536
95 314
95 554
95 560
95 521
95 125
95 5
95 543
95 328
95 149
95 126
95 219
95 330
95 169
95 640
95 63
95 70
95 377
95 402
95 148
95 251
95 81
95 153
95 486
95 293
95 365
95 371
95 233
95 198
95 232
577 634
577 199
577 276
577 318
577 283
577 531
577 12
577 32
577 437
577 156
577 618
577 548
577 52
577 72
577 256
577 335
577 478
577 196
577 321
577 471
577 615
577 73
577 647
577 448
577 303
577 48
577 436
577 495
577 430
577 649
577 637
577 15
577 74
577 404
577 313
577 380
577 578
577 102
577 614
577 111
577 504
315 49
315 282
315 264
315 242
315 367
315 429
315 481
315 362
315 190
315 59
315 621
315 447
315 530
315 612
315 596
315 165
315 633
315 385
315 541
315 311
470 363
470 392
470 489
470 113
470 71
470 129
470 384
470 105
470 307
470 559
470 460
470 499
470 556
470 566
470 123
470 164
470 456
470 501
470 157
470 418
470 245
470 617
470 25
470 569
295 268
295 47
295 58
295 144
295 598
295 13
295 171
295 643
295 298
295 433
295 224
295 290
295 289
295 503
295 86
295 210
295 67
295 41
295 221
295 112
295 163
295 184
295 230
295 400
295 340
295 259
295 176
295 228
295 10
295 227
326 634
326 276
326 156
326 548
326 52
326 644
326 34
326 581
326 196
326 647
326 436
326 495
326 649
326 637
423 75
423 292
423 494
511 50
511 91
511 390
511 420
511 162
511 287
511 652
511 608
511 459
511 258
511 208
511 14
511 419
511 435
511 42
511 261
511 413
511 178
511 510
511 16
511 536
511 181
511 323
511 28
511 519
511 632
511 33
511 314
511 135
511 554
511 560
511 521
511 125
511 8
511 5
511 133
511 543
511 328
511 513
511 149
511 126
511 97
511 219
511 330
511 84
511 21
511 583
511 169
511 216
511 331
511 308
511 64
511 197
511 70
511 377
511 402
511 623
511 251
511 451
511 81
511 571
511 479
511 104
511 153
511 628
511 486
511 108
511 96
511 293
511 365
511 626
511 371
511 233
511 198
511 66
511 490
511 546
511 286
511 473
511 309
511 154
511 214
511 160
511 151
511 469
511 232
379 648
379 561
379 131
379 347
379 384
379 183
379 559
379 556
379 207
379 25
50 420
50 575
50 608
50 459
50 208
50 419
50 42
50 178
50 16
50 536
50 181
50 273
50 519
50 431
50 33
50 135
50 560
50 463
50 521
50 36
50 125
50 31
50 133
50 543
50 438
50 513
50 114
50 583
50 169
50 216
50 606
50 9
50 64
50 356
50 182
50 70
50 137
50 203
50 377
50 535
50 251
50 81
50 104
50 628
50 202
50 108
50 96
50 293
50 365
50 626
50 301
50 233
50 66
50 473
50 631
50 320
50 154
50 518
50 175
50 214
50 29
50 101
50 151
91 11
91 390
91 420
91 162
91 652
91 459
91 208
91 80
91 16
91 536
91 323
91 632
91 33
91 314
91 560
91 521
91 125
91 8
91 5
91 328
91 149
91 126
91 169
91 331
91 640
91 64
91 182
91 70
91 377
91 402
91 535
91 251
91 187
91 451
91 344
91 81
91 153
91 616
91 293
91 365
91 371
91 301
91 233
91 198
91 297
91 154
91 278
91 214
91 29
91 160
91 351
124 475
124 338
124 383
124 62
124 147
124 322
124 78
124 57
124 528
124 593
124 591
124 354
124 587
124 453
124 147
124 353
124 336
124 604
124 77
185 115
185 545
185 636
185 595
185 387
185 260
185 252
185 75
185 444
185 30
185 497
185 528
185 464
185 395
185 161
185 633
185 394
185 539
185 541
11 390
11 56
11 287
11 652
11 575
11 258
11 14
11 42
11 261
11 413
11 510
11 536
11 323
11 33
11 314
11 554
11 5
11 31
11 543
11 114
11 149
11 126
11 219
11 84
11 583
11 169
11 331
11 308
11 426
11 70
11 377
11 148
11 344
11 81
11 153
11 619
11 616
11 365
11 371
11 180
11 54
390 420
390 162
390 287
390 652
390 459
390 258
390 14
390 42
390 261
390 413
390 178
390 510
390 323
390 28
390 431
390 33
390 314
390 135
390 554
390 560
390 521
390 36
390 5
390 31
390 543
390 328
390 114
390 149
390 126
390 550
390 219
390 84
390 583
390 169
390 331
390 197
390 70
390 377
390 148
390 187
390 451
390 344
390 81
390 104
390 153
390 628
390 616
390 108
390 96
390 293
390 365
390 626
390 371
390 233
390 490
390 297
390 154
390 151
177 420
177 477
177 103
177 219
177 226
177 159
177 197
177 267
177 274
177 296
177 627
177 223
177 94
177 175
177 218
56 420
56 287
56 258
56 14
56 261
56 599
56 431
56 554
56 437
56 463
56 114
56 84
56 407
56 308
56 393
56 426
56 152
56 356
56 256
56 68
56 148
56 81
56 293
56 592
56 626
56 371
56 51
56 309
56 231
56 555
56 232
420 162
420 287
420 652
420 575
420 608
420 258
420 14
420 419
420 42
420 103
420 178
420 510
420 16
420 536
420 28
420 519
420 431
420 135
420 554
420 560
420 437
420 463
420 521
420 36
420 8
420 5
420 133
420 543
420 328
420 438
420 114
420 149
420 219
420 226
420 330
420 21
420 583
420 169
420 216
420 606
420 331
420 64
420 426
420 152
420 356
420 256
420 197
420 137
420 377
420 274
420 402
420 148
420 187
420 451
420 81
420 153
420 486
420 616
420 96
420 293
420 592
420 365
420 626
420 371
420 233
420 198
420 343
420 490
420 546
420 473
420 309
420 631
420 154
420 94
420 175
420 101
420 151
420 218
162 287
162 608
162 42
162 413
162 510
162 16
162 536
162 431
162 314
162 521
162 36
162 125
162 5
162 31
162 133
162 543
162 328
162 114
162 550
162 219
162 169
162 331
162 308
162 152
162 256
162 70
162 377
162 378
162 251
162 187
162 81
162 104
162 153
162 55
162 293
162 365
162 626
162 233
162 198
162 490
162 546
162 473
162 154
162 240
162 160
162 351
162 151
186 217
186 4
186 277
186 398
186 118
186 117
186 321
186 166
186 76
186 488
186 134
186 22
484 634
484 635
484 448
484 430
484 313
49 242
49 367
49 481
49 190
49 621
49 447
49 530
49 596
49 165
49 311
287 652
287 575
287 459
287 305
287 435
287 261
287 413
287 536
287 632
287 314
287 554
287 437
287 521
287 5
287 31
287 133
287 543
287 149
287 126
287 84
287 583
287 169
287 331
287 640
287 64
287 356
287 256
287 182
287 70
287 137
287 274
287 378
287 187
287 549
287 81
287 339
287 153
287 552
287 628
287 55
287 616
287 625
287 225
287 494
287 96
287 293
287 592
287 527
287 365
287 626
287 371
287 198
287 51
287 254
287 507
287 27
287 631
287 505
287 154
287 601
287 551
287 240
287 421
287 160
405 26
477 247
477 226
477 159
477 296
477 223
477 576
477 655
477 507
477 375
47 183
47 558
652 575
652 608
652 459
652 258
652 14
652 42
652 261
652 413
652 178
652 510
652 431
652 314
652 554
652 36
652 125
652 5
652 31
652 133
652 543
652 328
652 513
652 114
652 582
652 149
652 126
652 219
652 84
652 583
652 169
652 216
652 9
652 331
652 356
652 137
652 292
652 344
652 81
652 104
652 153
652 628
652 616
652 365
652 626
652 371
652 198
652 154
652 357
652 151
115 284
115 69
115 358
115 401
115 646
115 75
115 292
115 607
115 136
115 414
115 329
115 512
115 288
82 208
82 435
82 510
82 273
82 33
82 560
82 8
82 476
82 513
82 553
82 582
82 550
82 330
82 606
82 9
82 443
82 182
82 70
82 535
82 623
82 251
82 571
82 104
82 108
82 96
82 579
82 301
82 233
82 343
82 66
82 490
82 286
82 297
82 231
82 425
82 151
82 469
82 639
575 258
575 545
575 14
575 419
575 42
575 261
575 523
575 178
575 510
575 16
575 536
575 181
575 323
575 519
575 135
575 554
575 560
575 463
575 521
575 36
575 8
575 31
575 133
575 543
575 476
575 438
575 513
575 114
575 582
575 149
575 219
575 84
575 21
575 583
575 169
575 216
575 606
575 9
575 331
575 640
575 64
575 356
575 182
575 70
575 137
575 203
575 53
575 623
575 187
575 104
575 619
575 628
575 616
575 293
575 626
575 371
575 233
575 473
575 631
575 320
575 518
575 425
575 151
608 14
608 42
608 413
608 178
608 510
608 536
608 519
608 632
608 431
608 560
608 521
608 36
608 125
608 5
608 31
608 133
608 543
608 328
608 114
608 149
608 169
608 216
608 331
608 64
608 393
608 356
608 70
608 187
608 81
608 153
608 293
608 365
608 626
608 198
608 546
608 309
608 154
608 232
459 208
459 14
459 435
459 510
459 16
459 536
459 323
459 28
459 519
459 33
459 314
459 135
459 554
459 125
459 8
459 543
459 328
459 114
459 149
459 126
459 550
459 97
459 219
459 84
459 21
459 169
459 216
459 640
459 64
459 197
459 70
459 203
459 377
459 623
459 251
459 344
459 81
459 153
459 628
459 616
459 96
459 293
459 371
459 233
459 297
459 320
459 154
459 151
305 35
305 33
305 192
305 522
305 422
305 213
305 68
305 638
305 143
305 148
305 239
305 319
305 514
305 454
305 271
305 211
305 349
305 552
305 487
305 610
305 206
305 516
305 428
305 55
305 370
305 625
305 225
305 494
305 40
305 391
305 51
305 180
305 558
305 155
305 254
305 88
305 507
305 368
305 27
305 269
305 309
305 334
305 601
305 555
305 364
305 100
305 191
305 551
305 19
305 421
305 427
305 532
305 602
305 417
282 493
282 264
282 16
282 250
282 242
282 595
282 429
282 130
282 362
282 190
282 59
282 621
282 266
282 447
282 252
282 530
282 444
282 30
282 528
282 633
282 394
282 539
282 541
282 311
641 199
641 276
641 489
641 32
641 644
641 335
641 398
641 117
641 166
641 615
641 220
641 439
641 17
641 637
641 102
648 363
648 561
648 489
648 131
648 241
648 71
648 6
648 645
648 53
648 384
648 183
648 348
648 483
648 138
648 167
648 559
648 170
648 7
648 179
648 60
648 205
648 537
648 439
648 207
648 119
648 594
648 563
648 501
648 244
648 617
648 25
648 174
648 569
648 440
363 533
363 392
363 71
363 122
363 195
363 6
363 557
363 235
363 129
363 243
363 348
363 307
363 316
363 624
363 249
363 138
363 38
363 559
363 460
363 170
363 525
363 99
363 310
363 7
363 179
363 556
363 60
363 566
363 123
363 537
363 164
363 594
363 563
363 573
363 361
363 562
363 501
363 642
363 480
363 418
363 245
363 617
363 568
363 174
363 440
363 524
363 116
258 435
258 261
258 103
258 178
258 16
258 323
258 632
258 33
258 554
258 560
258 5
258 31
258 133
258 543
258 328
258 513
258 149
258 126
258 445
258 84
258 583
258 169
258 9
258 331
258 356
258 256
258 70
258 377
258 274
258 451
258 344
258 81
258 571
258 104
258 153
258 486
258 616
258 293
258 365
258 626
258 371
258 198
258 343
258 214
258 351
208 419
208 435
208 181
208 323
208 273
208 28
208 33
208 135
208 560
208 36
208 125
208 8
208 133
208 438
208 513
208 114
208 126
208 97
208 219
208 330
208 9
208 443
208 182
208 70
208 137
208 203
208 299
208 402
208 251
208 344
208 571
208 104
208 108
208 120
208 96
208 301
208 233
208 66
208 297
208 631
208 231
208 278
208 425
208 214
208 29
208 101
208 357
208 151
545 636
545 387
545 260
545 565
545 444
545 497
545 395
545 539
14 419
14 261
14 178
14 536
14 632
14 135
14 554
14 560
14 125
14 8
14 5
14 31
14 133
14 543
14 328
14 513
14 149
14 84
14 583
14 169
14 331
14 64
14 70
14 137
14 377
14 251
14 104
14 153
14 628
14 486
14 616
14 293
14 365
14 626
14 371
14 198
14 214
14 469
561 489
561 71
561 645
561 458
561 384
561 483
561 249
561 167
561 559
561 7
561 179
561 60
561 205
561 439
561 594
561 563
561 359
561 366
561 244
561 617
561 25
419 435
419 42
419 318
419 523
419 510
419 16
419 536
419 181
419 323
419 519
419 431
419 314
419 135
419 560
419 463
419 521
419 8
419 31
419 133
419 543
419 476
419 328
419 438
419 513
419 553
419 582
419 149
419 445
419 330
419 84
419 21
419 583
419 169
419 606
419 9
419 443
419 331
419 140
419 64
419 393
419 356
419 70
419 137
419 377
419 402
419 535
419 482
419 187
419 451
419 344
419 81
419 571
419 479
419 486
419 202
419 293
419 579
419 365
419 626
419 301
419 343
419 490
419 286
419 473
419 631
419 320
419 518
419 425
419 175
419 214
419 357
419 151
419 469
634 199
634 276
634 283
634 12
634 32
634 156
634 618
634 548
634 52
634 644
634 34
634 256
634 581
634 196
634 471
634 615
634 73
634 647
634 303
634 48
634 436
634 495
634 430
634 17
634 637
634 15
634 74
634 404
634 313
634 578
634 102
435 42
435 318
435 523
435 510
435 536
435 323
435 28
435 314
435 135
435 560
435 463
435 36
435 476
435 438
435 513
435 553
435 114
435 582
435 445
435 550
435 330
435 169
435 216
435 606
435 9
435 443
435 331
435 308
435 140
435 393
435 152
435 182
435 70
435 137
435 203
435 535
435 623
435 482
435 451
435 344
435 571
435 479
435 486
435 202
435 96
435 579
435 301
435 233
435 343
435 66
435 490
435 286
435 473
435 631
435 320
435 425
435 175
435 101
435 357
435 151
435 469
435 639
42 413
42 178
42 80
42 16
42 536
42 181
42 632
42 431
42 314
42 135
42 554
42 560
42 521
42 125
42 8
42 133
42 543
42 328
42 438
42 513
42 582
42 149
42 84
42 21
42 583
42 169
42 9
42 331
42 64
42 63
42 356
42 70
42 137
42 203
42 377
42 402
42 251
42 187
42 81
42 628
42 202
42 293
42 365
42 626
42 371
42 233
42 198
42 473
42 320
42 154
42 518
42 425
493 429
493 447
493 252
493 530
493 541
199 276
199 318
199 283
199 12
199 32
199 437
199 156
199 548
199 52
199 644
199 256
199 335
199 196
199 321
199 471
199 615
199 73
199 508
199 647
199 448
199 48
199 397
199 220
199 436
199 495
199 649
199 637
199 15
199 313
199 380
199 578
199 265
199 102
533 392
533 557
533 235
533 129
533 53
533 243
533 483
533 110
533 316
533 65
533 624
533 249
533 138
533 38
533 559
533 170
533 7
533 537
533 164
533 2
533 119
533 594
533 563
533 361
533 109
533 642
533 317
533 418
533 25
533 568
533 440
276 89
276 12
276 32
276 156
276 548
276 52
276 644
276 478
276 196
276 615
276 647
276 436
276 495
276 430
276 637
276 15
276 265
276 102
89 283
89 548
89 52
89 72
89 581
89 196
89 615
89 73
89 647
89 495
89 430
89 649
89 578
217 389
217 277
217 398
217 117
217 166
217 76
217 106
217 17
217 406
217 488
217 134
217 22
318 523
318 323
318 273
318 32
318 560
318 463
318 476
318 438
318 513
318 553
318 582
318 445
318 550
318 330
318 606
318 443
318 331
318 140
318 393
318 182
318 203
318 535
318 623
318 471
318 615
318 508
318 482
318 647
318 571
318 479
318 104
318 486
318 108
318 96
318 579
318 495
318 637
318 313
318 343
318 66
318 490
318 578
318 473
318 102
318 631
318 320
318 518
318 425
318 357
318 151
318 469
318 639
283 12
283 32
283 437
283 156
283 605
283 548
283 52
283 644
283 34
283 386
283 335
283 581
283 196
283 321
283 508
283 647
283 48
283 436
283 495
283 430
283 649
283 637
283 15
283 380
283 265
283 102
283 111
283 504
283 496
261 510
261 536
261 323
261 632
261 554
261 5
261 31
261 114
261 149
261 126
261 219
261 84
261 583
261 331
261 426
261 356
261 70
261 213
261 148
261 344
261 211
261 153
261 619
261 486
261 616
261 371
261 154
432 103
432 226
432 631
432 94
432 175
636 595
636 387
636 444
636 497
636 395
636 214
523 16
523 181
523 323
523 314
523 135
523 560
523 463
523 438
523 513
523 553
523 445
523 330
523 84
523 21
523 169
523 216
523 606
523 331
523 393
523 70
523 137
523 535
523 482
523 479
523 343
523 490
523 631
523 320
523 425
523 357
523 469
35 522
35 422
35 298
35 183
35 506
35 454
35 552
35 527
35 391
35 51
35 558
35 254
35 176
35 255
35 269
35 601
35 100
35 551
35 421
35 602
531 32
531 437
531 156
531 548
531 52
531 644
531 256
531 478
531 73
531 48
531 436
531 495
531 637
531 102
531 231
531 111
392 241
392 122
392 195
392 235
392 129
392 203
392 53
392 142
392 348
392 110
392 307
392 446
392 249
392 138
392 38
392 559
392 460
392 127
392 499
392 7
392 466
392 179
392 556
392 205
392 164
392 76
392 207
392 119
392 594
392 563
392 573
392 361
392 109
392 642
392 480
392 43
392 317
392 418
392 245
392 617
392 25
392 568
392 174
392 440
392 524
489 113
489 71
489 645
489 458
489 183
489 483
489 167
489 559
489 127
489 525
489 7
489 360
489 205
489 439
489 119
489 562
489 501
489 418
489 617
489 25
489 440
489 524
413 178
413 314
413 300
413 521
413 31
413 133
413 543
413 328
413 114
413 149
413 583
413 331
413 308
413 152
413 356
413 256
413 70
413 68
413 514
413 187
413 344
413 81
413 339
413 153
413 55
413 293
413 527
413 365
413 626
413 371
413 198
413 546
413 286
413 27
413 309
413 154
413 555
413 160
413 351
413 232
103 632
103 97
103 219
103 226
103 159
103 197
103 267
103 223
103 597
103 631
103 94
103 175
103 218
178 510
178 16
178 536
178 181
178 519
178 431
178 314
178 135
178 554
178 560
178 463
178 521
178 125
178 8
178 31
178 133
178 543
178 438
178 513
178 553
178 149
178 219
178 84
178 21
178 583
178 169
178 216
178 606
178 9
178 443
178 64
178 356
178 182
178 70
178 137
178 402
178 251
178 187
178 344
178 81
178 153
178 628
178 486
178 293
178 365
178 626
178 371
178 233
178 198
178 286
178 473
178 309
178 631
178 320
178 154
178 518
178 151
178 232
237 389
237 98
599 475
599 632
599 300
599 474
599 8
599 114
599 84
599 169
599 63
599 274
599 55
599 625
599 365
264 250
264 429
264 481
264 130
264 362
264 190
264 59
264 564
264 621
264 266
264 447
264 252
264 530
264 612
264 596
264 165
264 633
264 541
264 311
284 654
284 401
284 188
284 607
284 236
284 136
284 204
284 414
284 329
284 512
284 373
284 369
284 107
284 294
284 288
284 128
284 172
284 574
510 16
510 536
510 181
510 323
510 431
510 33
510 314
510 135
510 554
510 560
510 437
510 463
510 36
510 125
510 8
510 31
510 133
510 543
510 328
510 438
510 513
510 553
510 582
510 149
510 126
510 445
510 550
510 330
510 84
510 21
510 583
510 169
510 606
510 9
510 331
510 140
510 640
510 64
510 70
510 203
510 377
510 402
510 535
510 623
510 251
510 482
510 187
510 81
510 479
510 104
510 153
510 628
510 486
510 616
510 293
510 365
510 626
510 371
510 198
510 286
510 297
510 320
510 231
510 154
510 518
80 536
80 475
80 632
80 169
80 331
80 64
80 409
80 339
80 365
12 32
12 437
12 156
12 548
12 52
12 644
12 72
12 34
12 426
12 256
12 335
12 653
12 196
12 321
12 471
12 615
12 73
12 508
12 647
12 448
12 303
12 585
12 48
12 436
12 495
12 430
12 649
12 637
12 15
12 313
12 380
12 578
12 265
12 102
12 111
12 504
16 536
16 181
16 323
16 519
16 431
16 314
16 135
16 560
16 463
16 521
16 36
16 8
16 31
16 133
16 543
16 328
16 438
16 513
16 114
16 21
16 583
16 169
16 216
16 606
16 9
16 331
16 640
16 64
16 356
16 137
16 203
16 251
16 187
16 81
16 596
16 104
16 628
16 486
16 202
16 293
16 365
16 626
16 371
16 473
16 309
16 320
16 518
16 151
16 232
536 181
536 28
536 519
536 632
536 33
536 314
536 135
536 560
536 463
536 521
536 125
536 8
536 31
536 133
536 543
536 328
536 438
536 513
536 114
536 582
536 219
536 330
536 84
536 21
536 583
536 169
536 216
536 606
536 9
536 331
536 308
536 640
536 64
536 356
536 70
536 137
536 377
536 402
536 251
536 187
536 344
536 81
536 153
536 486
536 202
536 293
536 365
536 626
536 371
536 198
536 490
536 286
536 473
536 631
536 320
536 154
536 518
536 160
536 357
536 151
536 427
181 273
181 33
181 135
181 560
181 463
181 521
181 36
181 125
181 8
181 31
181 133
181 543
181 476
181 438
181 513
181 114
181 97
181 21
181 583
181 169
181 216
181 606
181 9
181 331
181 140
181 356
181 182
181 70
181 137
181 203
181 299
181 251
181 81
181 104
181 108
181 96
181 293
181 301
181 233
181 66
181 473
181 297
181 631
181 320
181 231
181 518
181 425
181 214
181 29
181 357
181 151
323 33
323 554
323 560
323 463
323 36
323 8
323 5
323 543
323 328
323 438
323 513
323 553
323 582
323 445
323 550
323 219
323 330
323 84
323 169
323 606
323 443
323 140
323 640
323 393
323 197
323 377
323 535
323 251
323 482
323 451
323 81
323 571
323 479
323 153
323 628
323 486
323 108
323 293
323 579
323 371
323 233
323 343
323 490
323 286
323 631
323 320
323 425
323 175
323 160
323 357
323 151
323 469
475 632
475 560
475 338
475 605
475 383
475 330
475 169
475 570
475 62
475 147
475 182
475 322
475 498
475 118
475 78
475 482
475 344
475 57
475 92
475 108
475 528
475 593
475 198
475 490
475 591
475 354
475 587
475 453
475 147
475 403
475 425
475 353
475 604
475 77
273 28
273 33
273 135
273 125
273 8
273 133
273 553
273 114
273 550
273 97
273 330
273 9
273 140
273 182
273 70
273 137
273 203
273 251
273 104
273 108
273 120
273 96
273 301
273 233
273 343
273 66
273 297
273 631
273 231
273 278
273 214
273 29
273 101
273 357
273 151
28 33
28 314
28 135
28 36
28 125
28 8
28 5
28 133
28 513
28 97
28 169
28 606
28 9
28 331
28 393
28 182
28 70
28 137
28 203
28 299
28 251
28 344
28 104
28 153
28 494
28 96
28 371
28 301
28 233
28 66
28 286
28 297
28 631
28 231
28 214
28 101
519 314
519 135
519 560
519 463
519 521
519 36
519 31
519 133
519 543
519 328
519 583
519 169
519 606
519 9
519 64
519 356
519 137
519 203
519 377
519 623
519 187
519 104
519 628
519 202
519 293
519 365
519 626
519 473
519 631
519 320
519 154
519 518
632 554
632 114
632 149
632 330
632 169
632 64
632 63
632 70
632 377
632 402
632 535
632 482
632 597
632 365
632 371
632 198
632 490
431 560
431 521
431 36
431 125
431 5
431 31
431 543
431 114
431 583
431 169
431 331
431 426
431 356
431 256
431 137
431 148
431 251
431 627
431 81
431 153
431 293
431 592
431 365
431 626
431 233
431 507
431 309
431 154
431 151
431 232
33 314
33 135
33 521
33 36
33 125
33 8
33 513
33 114
33 126
33 97
33 219
33 272
33 330
33 583
33 9
33 407
33 308
33 640
33 197
33 182
33 70
33 137
33 203
33 377
33 299
33 402
33 251
33 344
33 571
33 104
33 108
33 120
33 96
33 371
33 301
33 233
33 343
33 66
33 231
33 278
33 214
33 29
33 151
32 437
32 156
32 605
32 548
32 52
32 644
32 34
32 426
32 256
32 335
32 653
32 196
32 321
32 483
32 471
32 615
32 73
32 508
32 647
32 303
32 48
32 397
32 220
32 436
32 495
32 649
32 637
32 15
32 404
32 313
32 380
32 578
32 265
32 102
32 111
32 504
32 496
314 554
314 521
314 125
314 5
314 31
314 543
314 328
314 438
314 513
314 114
314 126
314 219
314 330
314 21
314 169
314 216
314 606
314 331
314 152
314 377
314 402
314 251
314 344
314 81
314 571
314 104
314 153
314 486
314 108
314 371
314 233
314 286
314 297
314 631
314 357
314 151
135 560
135 463
135 521
135 36
135 125
135 8
135 133
135 543
135 438
135 513
135 114
135 149
135 97
135 330
135 21
135 583
135 169
135 216
135 606
135 9
135 443
135 331
135 140
135 640
135 64
135 393
135 356
135 182
135 70
135 137
135 203
135 377
135 299
135 628
135 486
135 108
135 96
135 293
135 365
135 626
135 301
135 233
135 66
135 473
135 631
135 320
135 518
135 278
135 425
135 214
135 29
135 160
135 357
135 151
250 429
250 130
250 362
250 190
250 59
250 621
250 266
250 447
250 565
250 252
250 530
250 612
250 165
250 567
250 633
250 541
250 311
4 83
131 71
131 6
131 557
131 458
131 348
131 483
131 65
131 249
131 559
131 7
131 96
131 119
131 563
131 361
131 501
131 359
131 25
554 560
554 521
554 31
554 133
554 543
554 328
554 513
554 582
554 149
554 126
554 219
554 84
554 583
554 169
554 443
554 331
554 640
554 256
554 70
554 377
554 148
554 451
554 81
554 104
554 153
554 628
554 616
554 494
554 293
554 592
554 371
554 320
554 151
192 183
192 55
192 558
300 474
300 548
300 274
300 514
300 81
300 291
300 55
300 625
300 225
300 365
300 406
300 27
300 325
300 309
300 334
300 100
300 551
300 240
300 19
300 160
300 351
300 427
560 463
560 521
560 36
560 125
560 8
560 31
560 133
560 543
560 476
560 438
560 513
560 553
560 114
560 582
560 445
560 352
560 550
560 330
560 84
560 21
560 583
560 169
560 216
560 606
560 9
560 443
560 331
560 140
560 64
560 393
560 356
560 182
560 70
560 137
560 203
560 377
560 535
560 623
560 251
560 482
560 187
560 81
560 571
560 479
560 628
560 202
560 96
560 293
560 579
560 365
560 626
560 301
560 233
560 343
560 66
560 490
560 286
560 473
560 631
560 320
560 518
560 425
560 357
560 151
560 469
560 639
560 232
474 251
474 81
474 625
474 343
474 507
474 100
474 160
437 463
437 156
437 52
437 644
437 34
437 426
437 356
437 256
437 335
437 196
437 321
437 148
437 471
437 615
437 73
437 508
437 647
437 81
437 104
437 48
437 293
437 495
437 649
437 592
437 404
437 313
437 380
437 546
437 102
437 309
437 231
437 614
242 481
242 621
242 447
242 530
242 596
69 358
69 401
69 542
69 572
69 646
69 337
69 434
69 500
69 607
69 236
69 136
69 204
69 246
69 253
69 44
69 329
69 512
69 373
69 369
69 18
69 327
69 107
69 294
69 288
69 128
69 574
654 358
654 401
654 542
654 572
654 646
654 188
654 337
654 434
654 500
654 607
654 236
654 415
654 136
654 312
654 204
654 246
654 253
654 588
654 150
654 329
654 512
654 373
654 369
654 656
654 18
654 547
654 327
654 107
654 288
654 455
654 128
654 172
338 383
338 62
338 147
338 322
338 57
338 630
338 528
338 593
338 591
338 354
338 587
338 453
338 147
338 215
338 353
338 604
338 77
367 429
367 481
367 621
367 447
367 596
367 165
463 521
463 36
463 8
463 31
463 133
463 543
463 476
463 438
463 513
463 553
463 114
463 582
463 445
463 330
463 21
463 583
463 169
463 216
463 606
463 9
463 443
463 331
463 140
463 393
463 182
463 137
463 203
463 535
463 251
463 482
463 451
463 571
463 479
463 104
463 486
463 96
463 293
463 579
463 365
463 626
463 371
463 301
463 343
463 66
463 490
463 473
463 631
463 320
463 231
463 518
463 425
463 175
463 214
463 29
463 101
463 357
463 151
463 469
595 399
595 260
595 444
595 30
595 497
595 528
595 563
595 161
595 633
595 394
595 539
521 36
521 125
521 8
521 31
521 133
521 543
521 328
521 513
521 114
521 219
521 169
521 216
521 606
521 9
521 331
521 407
521 64
521 152
521 356
521 70
521 137
521 203
521 148
521 251
521 187
521 81
521 104
521 628
521 486
521 293
521 365
521 626
521 371
521 233
521 546
521 473
521 309
521 505
521 320
521 154
521 518
521 160
521 351
521 151
521 232
36 8
36 31
36 133
36 476
36 114
36 445
36 97
36 21
36 216
36 9
36 331
36 140
36 393
36 152
36 182
36 70
36 137
36 203
36 377
36 299
36 623
36 251
36 482
36 104
36 486
36 108
36 96
36 293
36 626
36 233
36 66
36 286
36 473
36 297
36 309
36 231
36 154
36 278
36 425
36 214
36 29
36 101
36 151
598 132
241 138
241 559
241 556
241 25
241 440
241 524
83 61
125 8
125 5
125 543
125 328
125 149
125 97
125 219
125 169
125 9
125 331
125 137
125 377
125 299
125 482
125 344
125 81
125 104
125 153
125 628
125 486
125 108
125 120
125 96
125 365
125 371
125 301
125 233
125 198
125 66
125 490
125 297
125 154
125 214
125 29
125 160
125 151
8 133
8 543
8 438
8 513
8 114
8 219
8 84
8 583
8 169
8 216
8 606
8 9
8 331
8 356
8 70
8 137
8 377
8 299
8 251
8 81
8 104
8 153
8 55
8 108
8 96
8 626
8 371
8 301
8 233
8 66
8 473
8 297
8 309
8 231
8 154
8 518
8 54
8 29
8 101
8 151
5 31
5 543
5 328
5 149
5 219
5 583
5 169
5 331
5 308
5 256
5 377
5 402
5 251
5 187
5 451
5 81
5 104
5 153
5 293
5 371
5 233
5 546
5 154
5 278
5 214
5 29
5 357
5 151
5 232
31 133
31 543
31 513
31 114
31 149
31 219
31 21
31 583
31 169
31 216
31 606
31 9
31 331
31 308
31 64
31 152
31 356
31 70
31 137
31 203
31 187
31 81
31 104
31 153
31 202
31 616
31 293
31 365
31 626
31 371
31 233
31 198
31 490
31 473
31 297
31 309
31 154
31 469
31 232
133 543
133 328
133 438
133 513
133 114
133 149
133 97
133 219
133 583
133 169
133 216
133 606
133 9
133 331
133 140
133 64
133 70
133 137
133 203
133 402
133 251
133 187
133 81
133 104
133 153
133 628
133 108
133 120
133 96
133 293
133 626
133 301
133 233
133 66
133 473
133 320
133 231
133 154
133 518
133 214
133 29
133 151
534 93
534 167
534 207
534 642
113 122
113 183
113 105
113 7
113 207
113 501
113 245
113 524
429 481
429 130
429 362
429 190
429 59
429 621
429 266
429 447
429 252
429 530
429 612
429 596
429 165
429 633
429 541
429 311
71 235
71 129
71 53
71 458
71 384
71 483
71 110
71 449
71 138
71 167
71 559
71 170
71 7
71 123
71 537
71 439
71 2
71 207
71 119
71 594
71 563
71 361
71 562
71 501
71 359
71 366
71 43
71 244
71 25
71 174
71 524
156 618
156 548
156 52
156 644
156 34
156 386
156 581
156 478
156 196
156 615
156 508
156 647
156 303
156 48
156 436
156 495
156 430
156 637
156 313
156 380
156 578
156 102
481 130
481 190
481 59
481 621
481 266
481 447
481 252
481 530
481 612
481 596
481 633
481 541
481 311
130 362
130 190
130 59
130 564
130 621
130 266
130 447
130 252
130 530
130 612
130 596
130 567
130 633
130 541
130 311
522 422
522 213
522 68
522 638
522 143
522 239
522 506
522 454
522 613
522 211
522 487
522 610
522 516
522 370
522 212
522 527
522 391
522 51
522 180
522 20
522 558
522 155
522 254
522 88
522 176
522 255
522 269
522 309
522 334
522 601
522 555
522 364
522 54
522 100
522 191
522 551
522 421
522 351
522 427
522 532
522 602
522 46
522 350
522 232
247 226
247 159
247 296
247 627
247 223
247 576
247 507
122 6
122 347
122 557
122 398
122 53
122 142
122 348
122 166
122 65
122 624
122 249
122 559
122 460
122 99
122 7
122 466
122 179
122 556
122 60
122 361
122 501
122 465
122 418
122 174
122 569
122 524
122 116
605 335
605 653
605 321
605 615
605 397
605 578
605 265
605 102
605 111
543 328
543 438
543 513
543 114
543 149
543 219
543 84
543 21
543 583
543 169
543 216
543 606
543 9
543 331
543 308
543 640
543 64
543 356
543 70
543 137
543 377
543 402
543 251
543 187
543 344
543 81
543 104
543 153
543 628
543 486
543 202
543 616
543 293
543 365
543 626
543 371
543 301
543 233
543 473
543 297
543 309
543 631
543 320
543 154
543 518
543 357
543 151
543 232
422 356
422 213
422 68
422 143
422 239
422 457
422 514
422 454
422 613
422 211
422 349
422 552
422 610
422 516
422 55
422 370
422 527
422 391
422 51
422 633
422 180
422 394
422 558
422 155
422 254
422 88
422 368
422 255
422 27
422 269
422 309
422 334
422 601
422 555
422 364
422 54
422 100
422 191
422 551
422 19
422 160
422 351
422 427
422 532
422 602
422 46
422 350
422 232
476 438
476 513
476 553
476 582
476 445
476 550
476 606
476 140
476 393
476 203
476 535
476 482
476 451
476 571
476 479
476 579
476 301
476 233
476 343
476 286
476 473
476 297
476 631
476 320
476 425
476 469
476 639
171 298
171 176
171 228
328 114
328 149
328 219
328 583
328 169
328 331
328 308
328 640
328 356
328 197
328 70
328 377
328 402
328 251
328 187
328 451
328 344
328 104
328 153
328 293
328 365
328 371
328 233
328 198
328 154
328 518
328 151
438 513
438 553
438 582
438 149
438 445
438 550
438 330
438 84
438 21
438 583
438 169
438 216
438 606
438 443
438 331
438 140
438 393
438 70
438 137
438 377
438 535
438 482
438 451
438 81
438 571
438 479
438 486
438 202
438 293
438 579
438 343
438 490
438 473
438 631
438 320
438 518
438 425
438 175
438 357
438 151
438 469
513 553
513 114
513 582
513 149
513 445
513 550
513 97
513 219
513 330
513 84
513 21
513 583
513 169
513 216
513 606
513 9
513 443
513 331
513 140
513 393
513 70
513 137
513 267
513 535
513 623
513 251
513 482
513 571
513 479
513 104
513 60
513 486
513 293
513 579
513 626
513 301
513 343
513 490
513 286
513 473
513 631
513 320
513 231
513 425
513 175
513 214
513 357
513 151
513 469
553 582
553 445
553 550
553 219
553 330
553 169
553 606
553 443
553 140
553 393
553 535
553 623
553 251
553 482
553 571
553 479
553 579
553 301
553 233
553 343
553 490
553 286
553 631
553 320
553 425
553 357
553 151
553 469
553 639
114 582
114 149
114 126
114 445
114 97
114 84
114 21
114 583
114 169
114 606
114 331
114 140
114 640
114 64
114 63
114 356
114 256
114 70
114 377
114 623
114 251
114 482
114 187
114 344
114 81
114 479
114 104
114 153
114 628
114 486
114 202
114 365
114 198
114 154
114 160
114 351
582 445
582 550
582 387
582 330
582 84
582 216
582 606
582 331
582 140
582 393
582 70
582 203
582 535
582 143
582 482
582 451
582 571
582 479
582 579
582 371
582 301
582 233
582 343
582 490
582 286
582 473
582 297
582 631
582 231
582 288
582 425
582 357
582 469
582 639
149 219
149 330
149 84
149 583
149 169
149 216
149 606
149 9
149 443
149 331
149 356
149 137
149 187
149 81
149 479
149 104
149 619
149 628
149 486
149 616
149 365
149 371
149 233
149 286
149 27
149 631
149 214
126 97
126 84
126 21
126 216
126 197
126 70
126 549
126 344
126 153
126 628
126 494
126 371
618 548
618 52
618 644
618 34
618 581
618 478
618 196
618 647
618 303
618 48
618 397
618 436
618 495
618 430
618 637
618 265
618 614
618 111
618 496
389 277
389 398
389 118
389 117
389 166
389 76
389 106
389 98
389 406
389 488
389 134
389 22
195 557
195 449
195 307
195 138
195 38
195 460
195 127
195 179
195 123
195 164
195 501
195 480
195 317
195 418
195 245
195 25
195 174
195 524
445 550
445 330
445 216
445 606
445 443
445 331
445 140
445 393
445 70
445 203
445 535
445 623
445 482
445 344
445 571
445 479
445 486
445 108
445 96
445 293
445 343
445 490
445 286
445 473
445 631
445 320
445 425
445 357
445 469
445 639
352 330
352 377
352 291
352 343
550 84
550 606
550 443
550 331
550 140
550 640
550 393
550 70
550 203
550 535
550 623
550 482
550 187
550 451
550 344
550 571
550 479
550 628
550 293
550 579
550 301
550 233
550 343
550 490
550 286
550 320
550 231
550 425
550 175
550 357
550 151
550 639
97 219
97 330
97 9
97 302
97 443
97 70
97 137
97 274
97 402
97 251
97 627
97 344
97 104
97 108
97 625
97 120
97 96
97 293
97 576
97 371
97 301
97 233
97 343
97 66
97 631
97 214
97 29
97 151
219 226
219 84
219 583
219 169
219 159
219 331
219 640
219 356
219 256
219 70
219 267
219 377
219 274
219 482
219 451
219 81
219 104
219 153
219 223
219 616
219 365
219 371
219 233
219 297
219 631
219 154
219 175
219 101
219 218
383 62
383 147
383 322
383 57
383 528
383 593
383 591
383 587
383 453
383 353
383 604
383 77
387 30
387 482
387 497
387 395
6 557
6 235
6 129
6 243
6 348
6 449
6 316
6 65
6 249
6 138
6 38
6 559
6 170
6 7
6 537
6 439
6 207
6 119
6 594
6 563
6 361
6 642
6 25
6 568
6 569
6 440
6 524
362 190
362 59
362 564
362 621
362 266
362 447
362 530
362 567
362 633
362 541
362 311
548 52
548 644
548 34
548 581
548 478
548 196
548 321
548 615
548 73
548 508
548 647
548 104
548 303
548 48
548 436
548 495
548 430
548 649
548 637
548 74
548 313
548 578
548 265
548 102
548 231
548 496
190 59
190 621
190 266
190 447
190 252
190 530
190 612
190 528
190 633
190 541
190 311
226 159
226 197
226 267
226 296
226 627
226 223
226 597
226 576
226 655
226 507
226 375
226 94
226 175
226 218
272 407
272 197
272 267
272 409
272 597
272 406
272 218
330 84
330 169
330 606
330 331
330 140
330 393
330 63
330 70
330 137
330 377
330 535
330 482
330 571
330 479
330 104
330 628
330 579
330 371
330 301
330 233
330 343
330 66
330 490
330 473
330 631
330 320
330 231
330 154
330 425
330 54
330 175
330 357
330 151
330 469
358 401
358 542
358 622
358 572
358 345
358 646
358 188
358 337
358 434
358 500
358 607
358 236
358 415
358 136
358 374
358 312
358 204
358 414
358 253
358 424
358 44
358 329
358 512
358 381
358 369
358 656
358 538
358 547
358 327
358 107
358 455
358 128
358 172
358 574
59 564
59 621
59 266
59 447
59 252
59 530
59 612
59 596
59 165
59 567
59 633
59 541
59 311
399 394
399 539
401 542
401 572
401 646
401 607
401 236
401 136
401 312
401 253
401 424
401 329
401 373
401 381
401 369
401 656
401 18
401 547
401 327
401 107
401 288
401 172
401 574
347 557
347 53
347 243
347 93
347 348
347 449
347 307
347 446
347 65
347 138
347 7
347 179
347 60
347 205
347 119
347 563
347 573
347 562
347 642
347 79
347 617
347 440
347 524
347 116
52 644
52 34
52 581
52 478
52 196
52 615
52 73
52 508
52 647
52 303
52 48
52 397
52 436
52 495
52 430
52 649
52 637
52 404
52 313
52 380
52 578
52 265
52 102
52 231
52 614
52 111
52 496
84 583
84 169
84 216
84 606
84 9
84 443
84 331
84 640
84 426
84 356
84 70
84 137
84 451
84 344
84 81
84 153
84 619
84 486
84 616
84 365
84 371
21 583
21 169
21 216
21 606
21 9
21 331
21 640
21 356
21 137
21 81
21 628
21 486
21 293
21 473
21 631
21 320
21 518
21 101
21 151
583 169
583 216
583 606
583 9
583 331
583 640
583 356
583 197
583 182
583 70
583 137
583 187
583 81
583 104
583 153
583 628
583 616
583 293
583 365
583 626
583 371
583 301
583 473
583 309
583 631
583 320
583 518
583 151
583 469
583 232
644 34
644 426
644 581
644 478
644 196
644 471
644 615
644 73
644 647
644 104
644 303
644 48
644 436
644 495
644 430
644 649
644 637
644 15
644 74
644 313
644 578
644 231
644 614
564 621
564 266
564 447
564 530
564 567
564 528
564 539
169 216
169 606
169 9
169 331
169 308
169 64
169 63
169 152
169 356
169 182
169 70
169 137
169 267
169 203
169 377
169 402
169 251
169 482
169 187
169 81
169 104
169 153
169 486
169 202
169 293
169 365
169 626
169 371
169 233
169 198
169 490
169 546
169 473
169 309
169 631
169 320
169 231
169 154
169 518
169 240
169 160
169 357
169 151
216 606
216 9
216 331
216 640
216 64
216 393
216 356
216 70
216 137
216 623
216 482
216 187
216 451
216 81
216 479
216 104
216 628
216 486
216 96
216 293
216 365
216 626
216 473
216 631
216 320
216 518
216 425
606 9
606 443
606 331
606 140
606 393
606 356
606 70
606 137
606 203
606 535
606 251
606 482
606 81
606 571
606 479
606 104
606 486
606 96
606 293
606 579
606 365
606 626
606 233
606 343
606 66
606 490
606 473
606 631
606 320
606 518
606 425
606 101
606 160
606 357
606 151
606 469
606 639
621 266
621 447
621 252
621 530
621 612
621 596
621 165
621 633
621 311
159 267
159 296
159 627
159 223
159 576
159 655
159 507
159 94
159 175
9 443
9 331
9 64
9 356
9 182
9 70
9 137
9 203
9 520
9 299
9 251
9 104
9 628
9 108
9 96
9 293
9 626
9 371
9 301
9 233
9 343
9 66
9 473
9 631
9 320
9 231
9 518
9 425
9 151
557 129
557 105
557 449
557 307
557 316
557 65
557 559
557 460
557 127
557 525
557 499
557 310
557 7
557 179
557 60
557 205
557 537
557 361
557 501
557 480
557 418
557 617
557 174
557 524
557 116
302 75
302 292
302 344
277 398
277 118
277 166
277 76
277 106
277 17
277 22
72 256
72 299
72 615
72 104
72 448
72 495
72 404
266 447
266 252
266 596
266 633
266 541
266 311
443 331
443 140
443 393
443 70
443 137
443 535
443 623
443 482
443 451
443 479
443 104
443 486
443 96
443 579
443 301
443 233
443 343
443 286
443 631
443 231
443 154
443 425
443 175
443 469
331 308
331 64
331 393
331 356
331 137
331 203
331 377
331 402
331 251
331 482
331 187
331 81
331 571
331 479
331 104
331 153
331 619
331 628
331 486
331 202
331 616
331 96
331 293
331 365
331 626
331 371
331 233
331 490
331 546
331 473
331 297
331 309
331 631
331 320
331 231
331 154
331 518
331 425
331 101
331 160
331 151
331 232
542 572
542 646
542 188
542 337
542 434
542 607
542 236
542 312
542 204
542 246
542 253
542 329
542 512
542 381
542 656
542 18
542 547
542 455
542 172
542 574
645 384
645 183
645 483
645 65
645 559
645 205
645 123
34 256
34 581
34 478
34 196
34 615
34 647
34 303
34 48
34 436
34 495
34 430
34 649
34 637
34 15
34 74
34 578
34 265
34 496
407 356
407 319
407 251
407 81
407 293
407 343
407 505
407 232
62 147
62 301
62 322
62 78
62 194
62 584
62 57
62 526
62 280
62 306
62 92
62 630
62 529
62 441
62 528
62 593
62 408
62 589
62 591
62 354
62 587
62 453
62 257
62 147
62 403
62 586
62 215
62 353
62 416
62 275
62 336
62 604
62 304
62 342
62 77
62 90
62 234
308 63
308 70
308 377
308 402
308 482
308 187
308 81
308 571
308 339
308 293
308 579
308 233
308 198
308 39
308 154
298 228
140 393
140 182
140 70
140 203
140 299
140 535
140 623
140 482
140 571
140 479
140 486
140 96
140 579
140 343
140 490
140 473
140 297
140 631
140 320
140 425
140 357
140 469
140 639
640 64
640 70
640 377
640 402
640 623
640 148
640 251
640 187
640 104
640 153
640 371
447 252
447 530
447 612
447 596
447 165
447 567
447 633
447 541
447 311
64 63
64 356
64 182
64 137
64 187
64 81
64 339
64 202
64 293
64 365
64 626
64 198
64 473
64 309
64 154
393 203
393 402
393 535
393 482
393 451
393 571
393 479
393 486
393 579
393 371
393 233
393 198
393 343
393 66
393 490
393 473
393 631
393 320
393 154
393 425
393 175
393 357
393 469
622 337
622 136
622 329
622 373
622 107
622 574
386 321
386 578
572 646
572 337
572 500
572 236
572 415
572 312
572 253
572 329
572 512
572 373
572 369
572 18
572 547
572 327
572 455
572 172
426 356
426 256
426 653
426 321
426 81
426 48
426 220
426 592
426 365
426 626
426 371
426 15
426 301
426 507
147 322
147 78
147 57
147 593
147 354
147 587
147 453
517 290
260 565
260 30
260 528
260 161
260 633
260 394
260 539
152 356
152 256
152 70
152 344
152 81
152 293
152 365
152 371
152 394
152 286
152 507
152 160
152 351
356 256
356 70
356 137
356 377
356 148
356 81
356 153
356 486
356 293
356 592
356 365
356 626
356 371
356 233
356 507
356 309
356 154
356 601
356 551
356 232
235 129
235 243
235 110
235 316
235 65
235 624
235 249
235 138
235 170
235 127
235 525
235 99
235 310
235 7
235 179
235 556
235 60
235 537
235 164
235 119
235 594
235 563
235 361
235 642
235 617
235 568
235 440
565 528
565 161
565 394
565 539
256 335
256 148
256 471
256 615
256 647
256 303
256 48
256 293
256 495
256 592
256 365
256 637
256 371
256 233
256 74
256 404
256 380
256 578
256 546
256 102
256 154
256 232
197 70
197 377
197 451
197 571
197 153
197 628
197 120
197 597
197 469
197 218
611 624
611 43
611 418
182 137
182 299
182 623
182 251
182 571
182 104
182 108
182 120
182 96
182 293
182 626
182 371
182 198
182 343
182 66
182 490
182 286
182 278
182 425
182 214
182 29
182 151
70 137
70 203
70 377
70 299
70 402
70 148
70 251
70 187
70 344
70 81
70 571
70 104
70 628
70 486
70 370
70 108
70 120
70 96
70 293
70 579
70 626
70 371
70 301
70 233
70 343
70 66
70 490
70 546
70 297
70 325
70 309
70 231
70 154
70 175
70 214
70 29
70 101
70 160
70 357
70 151
70 469
70 232
129 53
129 243
129 93
129 348
129 110
129 307
129 316
129 65
129 624
129 249
129 138
129 38
129 559
129 460
129 170
129 127
129 310
129 7
129 179
129 60
129 566
129 537
129 164
129 2
129 207
129 119
129 594
129 563
129 361
129 562
129 109
129 501
129 480
129 244
129 418
129 617
129 25
129 568
129 524
301 322
301 57
301 528
301 593
301 354
301 587
301 353
301 77
137 203
137 377
137 251
137 187
137 81
137 104
137 628
137 486
137 202
137 108
137 96
137 293
137 365
137 626
137 301
137 233
137 66
137 473
137 631
137 320
137 518
137 425
137 214
137 29
137 101
137 357
137 151
335 321
335 615
335 73
335 508
335 647
335 397
335 495
335 649
335 637
335 404
335 313
335 380
335 578
335 655
335 102
335 111
252 530
252 444
252 497
252 395
252 633
252 394
252 539
252 541
252 311
345 500
345 415
345 374
345 472
345 414
345 424
345 44
345 381
345 538
345 18
345 107
345 294
345 128
646 337
646 434
646 500
646 607
646 415
646 312
646 204
646 472
646 414
646 246
646 253
646 424
646 44
646 329
646 512
646 372
646 373
646 381
646 369
646 656
646 18
646 547
646 107
646 288
646 455
646 128
646 172
646 574
322 78
322 57
322 528
322 593
322 589
322 381
322 591
322 354
322 587
322 453
322 147
322 353
322 336
322 604
322 77
213 638
213 239
213 454
213 613
213 552
213 487
213 516
213 391
213 51
213 20
213 558
213 254
213 27
213 269
213 601
213 364
213 100
213 551
213 421
213 160
213 351
213 602
75 292
75 613
75 45
75 494
75 54
75 100
498 492
498 587
581 196
581 647
581 104
581 303
581 48
581 436
581 495
581 430
581 649
581 637
581 313
581 578
267 274
267 296
267 627
267 223
267 625
267 597
267 576
267 655
267 507
267 631
267 94
267 175
267 218
398 118
398 117
398 166
398 60
398 76
398 106
398 17
398 406
398 488
398 22
203 508
203 482
203 81
203 571
203 479
203 104
203 108
203 120
203 96
203 626
203 301
203 424
203 343
203 66
203 286
203 473
203 320
203 154
203 278
203 425
203 29
203 357
203 151
635 430
635 313
53 449
53 65
53 559
53 460
53 7
53 179
53 60
53 566
53 537
53 439
53 563
53 573
53 79
53 617
53 25
53 568
53 524
530 612
530 596
530 567
530 633
530 385
530 541
530 311
377 402
377 251
377 482
377 187
377 451
377 104
377 153
377 202
377 616
377 108
377 293
377 371
377 233
377 343
377 473
377 297
377 631
377 154
377 151
377 232
444 497
444 395
444 633
444 394
444 539
444 541
274 535
274 81
274 349
274 45
274 291
274 625
274 225
274 527
274 365
274 39
274 309
274 601
274 555
274 191
274 427
274 218
274 232
188 337
188 434
188 500
188 236
188 204
188 253
188 373
188 381
188 369
188 327
188 128
188 574
600 454
600 549
600 492
600 487
600 610
600 494
600 558
600 601
600 555
337 434
337 500
337 236
337 415
337 136
337 312
337 204
337 414
337 253
337 588
337 424
337 150
337 329
337 512
337 373
337 381
337 656
337 18
337 547
337 327
337 294
337 455
337 172
337 574
478 196
478 615
478 647
478 48
478 436
478 649
478 637
478 578
478 265
263 458
263 141
292 30
292 549
292 494
292 490
612 633
612 541
612 311
68 378
68 239
68 81
68 552
68 55
68 625
68 225
68 494
68 527
68 391
68 51
68 27
68 100
68 551
243 483
243 110
243 307
243 65
243 624
243 249
243 138
243 38
243 559
243 170
243 310
243 7
243 60
243 537
243 2
243 594
243 361
243 418
243 25
243 568
243 174
243 440
93 249
93 127
93 499
93 7
93 179
93 205
93 317
93 558
93 524
118 117
118 166
118 76
118 488
653 321
653 615
653 48
196 615
196 73
196 647
196 104
196 303
196 48
196 436
196 495
196 430
196 649
196 637
196 15
196 404
196 578
196 265
196 102
196 496
458 384
458 483
458 167
458 127
458 7
458 205
458 207
458 119
458 563
458 501
458 359
458 406
458 418
458 25
78 57
78 528
78 593
78 354
78 587
78 453
78 147
78 353
299 104
299 628
299 108
299 120
299 96
299 301
299 233
299 66
299 297
299 231
299 425
299 214
299 151
434 500
434 607
434 236
434 415
434 312
434 204
434 253
434 44
434 512
434 373
434 369
434 18
434 547
434 327
434 107
434 288
434 455
434 128
434 172
434 574
384 483
384 167
384 559
384 7
384 179
384 60
384 205
384 123
384 439
384 207
384 573
384 642
384 366
384 244
384 617
384 25
384 569
384 116
500 415
500 136
500 374
500 312
500 472
500 414
500 253
500 424
500 44
500 381
500 656
500 538
500 18
500 455
500 128
500 574
402 187
402 344
402 81
402 365
402 198
402 490
402 154
402 160
402 151
183 348
183 483
183 105
183 167
183 559
183 170
183 439
183 207
183 119
183 361
183 617
183 568
183 569
142 310
142 524
378 148
378 514
378 81
378 339
378 271
378 349
378 610
378 55
378 370
378 225
378 527
378 180
378 490
378 555
378 54
378 158
378 19
378 427
378 532
378 232
30 528
30 464
30 161
30 633
30 394
30 539
30 541
117 166
117 76
117 406
117 488
117 134
194 584
194 526
194 630
194 441
194 408
194 589
194 257
194 147
194 275
194 304
321 73
321 508
321 48
321 397
321 495
321 649
321 637
321 15
321 313
321 578
321 546
321 102
321 504
321 496
348 307
348 316
348 65
348 249
348 138
348 559
348 460
348 127
348 99
348 7
348 179
348 60
348 537
348 164
348 207
348 119
348 563
348 361
348 480
348 157
348 418
348 245
348 617
348 440
348 524
348 116
483 110
483 105
483 138
483 167
483 559
483 460
483 170
483 7
483 179
483 205
483 123
483 439
483 594
483 563
483 359
483 366
483 244
483 418
483 617
483 25
483 440
638 239
638 388
638 514
638 454
638 211
638 552
638 487
638 516
638 391
638 51
638 180
638 558
638 155
638 254
638 269
638 334
638 601
638 555
638 364
638 100
638 191
638 10
638 19
638 602
638 232
535 623
535 482
535 571
535 479
535 486
535 96
535 592
535 371
535 343
535 66
535 490
535 286
535 631
535 320
535 425
535 175
535 214
535 160
535 357
535 151
535 469
535 639
143 239
143 454
143 613
143 552
143 516
143 527
143 391
143 20
143 558
143 254
143 368
143 255
143 269
143 601
143 100
143 551
143 421
143 160
143 351
143 602
623 482
623 571
623 479
623 628
623 293
623 579
623 301
623 297
623 425
623 357
623 151
623 639
290 86
290 184
290 259
290 227
148 549
148 81
148 291
148 55
148 625
148 225
148 494
148 293
148 592
148 365
148 626
148 371
148 51
148 507
148 27
148 601
148 100
148 421
148 351
166 76
166 106
166 17
166 406
166 488
166 22
110 446
110 65
110 624
110 559
110 170
110 525
110 310
110 7
110 179
110 205
110 537
110 2
110 594
110 573
110 562
110 109
110 43
110 25
110 569
110 524
105 307
105 446
105 559
105 179
105 60
105 164
105 563
105 418
105 245
105 617
105 25
105 568
105 569
105 524
449 38
449 559
449 460
449 170
449 127
449 7
449 179
449 60
449 164
449 594
449 563
449 361
449 501
449 480
449 418
449 245
449 25
449 174
449 524
307 446
307 316
307 249
307 138
307 38
307 559
307 170
307 164
307 119
307 594
307 563
307 361
307 642
307 480
307 418
307 245
307 25
307 568
307 524
471 615
471 73
471 508
471 647
471 303
471 436
471 495
471 430
471 637
471 15
471 74
471 404
471 313
471 380
471 578
471 102
471 111
471 504
409 442
446 559
446 460
446 179
446 556
446 566
446 205
446 164
446 563
446 573
446 562
446 79
446 157
446 245
446 617
446 25
446 568
446 440
446 524
289 400
239 506
239 454
239 613
239 211
239 552
239 487
239 610
239 516
239 428
239 370
239 225
239 212
239 527
239 391
239 180
239 20
239 558
239 88
239 368
239 255
239 269
239 309
239 334
239 601
239 555
239 364
239 54
239 100
239 191
239 551
239 158
239 10
239 19
239 421
239 160
239 351
239 427
239 532
239 602
239 46
239 350
239 232
457 506
457 613
457 45
457 610
457 494
457 527
457 391
457 269
457 309
457 601
457 551
457 158
457 351
457 427
457 532
457 602
457 46
457 350
457 232
615 508
615 647
615 104
615 448
615 303
615 48
615 397
615 436
615 495
615 430
615 649
615 637
615 404
615 380
615 102
615 231
615 614
615 111
615 504
615 496
73 508
73 647
73 48
73 436
73 495
73 649
73 637
73 15
73 404
73 380
73 102
73 231
73 504
73 496
508 647
508 104
508 397
508 436
508 495
508 649
508 637
508 15
508 313
508 380
508 578
508 102
508 231
508 614
508 504
508 496
319 81
319 339
319 516
319 55
319 625
319 225
319 51
319 27
319 269
319 551
316 65
316 138
316 38
316 559
316 170
316 127
316 99
316 60
316 537
316 119
316 563
316 361
316 43
316 244
316 524
506 454
506 613
506 211
506 45
506 552
506 527
506 180
506 88
506 269
506 334
506 601
506 54
506 551
506 351
506 602
506 46
506 232
251 451
251 81
251 571
251 104
251 628
251 108
251 96
251 365
251 371
251 301
251 233
251 406
251 343
251 66
251 490
251 297
251 231
251 154
251 214
251 29
251 160
251 357
251 151
65 249
65 138
65 38
65 167
65 559
65 127
65 499
65 7
65 179
65 556
65 60
65 123
65 537
65 164
65 439
65 2
65 119
65 563
65 361
65 562
65 501
65 418
65 617
65 569
65 440
65 524
65 121
65 116
503 67
503 558
503 88
503 340
503 10
482 451
482 571
482 479
482 486
482 96
482 579
482 371
482 343
482 66
482 490
482 286
482 473
482 631
482 320
482 425
482 214
482 357
482 151
482 469
482 639
388 454
388 552
388 487
388 40
388 3
388 558
388 88
388 262
388 176
388 601
624 249
624 559
624 170
624 127
624 99
624 7
624 179
624 60
624 205
624 123
624 537
624 2
624 594
624 43
624 418
624 245
624 568
624 174
624 524
249 138
249 38
249 559
249 170
249 127
249 99
249 7
249 556
249 60
249 205
249 537
249 164
249 119
249 594
249 563
249 361
249 109
249 501
249 480
249 317
249 244
249 245
249 617
249 568
249 440
249 524
249 116
514 454
514 81
514 552
514 487
514 516
514 291
514 55
514 625
514 225
514 365
514 626
514 198
514 51
514 558
514 254
514 27
514 325
514 269
514 154
514 601
514 364
514 551
514 421
514 160
514 351
514 602
514 417
296 627
296 223
296 576
296 655
296 507
296 375
296 218
627 223
627 576
627 655
627 507
627 94
627 218
187 344
187 81
187 104
187 202
187 293
187 365
187 371
187 198
187 490
187 286
187 154
187 160
138 38
138 559
138 460
138 170
138 127
138 7
138 179
138 60
138 566
138 537
138 164
138 2
138 207
138 119
138 594
138 563
138 361
138 562
138 501
138 480
138 418
138 245
138 617
138 25
138 568
138 174
138 569
138 440
138 524
138 121
454 549
454 613
454 211
454 552
454 487
454 610
454 516
454 370
454 494
454 40
454 212
454 527
454 391
454 51
454 180
454 20
454 558
454 155
454 254
454 88
454 255
454 269
454 309
454 334
454 601
454 555
454 364
454 54
454 100
454 191
454 551
454 19
454 421
454 351
454 427
454 532
454 602
454 46
454 232
210 221
210 558
38 559
38 170
38 127
38 310
38 7
38 179
38 205
38 537
38 2
38 207
38 563
38 562
38 501
38 642
38 480
38 418
38 25
38 568
38 569
38 440
38 524
38 121
67 41
67 400
67 340
67 10
549 613
549 211
549 45
549 610
549 527
549 371
549 155
549 601
549 427
549 232
647 104
647 48
647 436
647 495
647 430
647 649
647 637
647 404
647 313
647 578
647 265
647 102
647 614
647 111
647 504
41 88
41 400
41 340
41 10
584 526
584 306
584 92
584 630
584 529
584 441
584 528
584 589
584 586
584 353
584 275
584 336
584 304
584 90
584 234
167 559
167 205
167 439
167 96
167 359
167 244
167 418
167 25
167 568
559 460
559 170
559 127
559 525
559 99
559 499
559 310
559 7
559 179
559 556
559 60
559 566
559 205
559 123
559 537
559 164
559 439
559 2
559 96
559 119
559 594
559 563
559 361
559 562
559 109
559 501
559 642
559 480
559 359
559 366
559 43
559 244
559 418
559 617
559 25
559 568
559 174
559 569
559 440
559 524
451 153
451 616
451 96
451 579
451 371
451 233
451 490
451 631
451 320
451 425
451 175
451 357
451 151
451 469
344 153
344 371
344 198
344 286
344 154
344 518
344 151
344 469
81 339
81 104
81 153
81 349
81 610
81 628
81 486
81 55
81 370
81 625
81 225
81 494
81 293
81 365
81 371
81 198
81 51
81 490
81 546
81 286
81 27
81 325
81 309
81 518
81 160
81 351
81 151
81 427
81 350
57 528
57 593
57 587
57 453
57 147
57 353
57 336
57 604
57 77
61 580
571 479
571 486
571 108
571 96
571 293
571 579
571 343
571 66
571 490
571 286
571 631
571 320
571 425
571 160
571 357
571 151
571 469
571 639
460 525
460 7
460 556
460 537
460 164
460 119
460 563
460 573
460 361
460 562
460 501
460 642
460 480
460 418
460 245
460 25
460 568
460 174
460 569
460 440
460 524
170 127
170 310
170 7
170 179
170 60
170 205
170 537
170 439
170 2
170 119
170 594
170 563
170 109
170 25
170 568
170 569
127 7
127 123
127 537
127 207
127 119
127 594
127 563
127 361
127 109
127 501
127 480
127 366
127 79
127 317
127 25
127 568
127 174
127 440
127 524
607 236
607 415
607 136
607 312
607 204
607 414
607 246
607 253
607 329
607 512
607 369
607 18
607 547
607 107
607 288
607 455
607 189
607 128
607 574
248 528
236 415
236 136
236 312
236 204
236 246
236 253
236 588
236 424
236 150
236 329
236 512
236 373
236 381
236 369
236 656
236 18
236 547
236 327
236 107
236 288
236 455
236 189
236 172
525 310
525 179
525 60
525 361
525 642
525 418
525 617
525 524
99 7
99 466
99 556
99 119
99 361
99 465
99 569
99 116
499 563
499 480
499 366
499 418
499 25
499 524
479 486
479 96
479 579
479 371
479 233
479 343
479 66
479 490
479 286
479 473
479 631
479 320
479 425
479 357
479 151
479 469
479 639
613 211
613 45
613 610
613 516
613 494
613 527
613 391
613 88
613 269
613 334
613 601
613 555
613 191
613 551
613 158
613 351
613 427
613 532
613 602
613 46
613 350
613 232
339 625
339 527
339 155
339 309
339 154
339 160
339 351
339 232
596 165
596 541
596 311
271 291
271 55
271 625
271 51
271 39
310 537
310 642
310 418
310 25
310 440
310 524
104 153
104 448
104 48
104 486
104 108
104 120
104 96
104 293
104 495
104 649
104 637
104 301
104 233
104 343
104 66
104 490
104 578
104 546
104 286
104 473
104 297
104 320
104 231
104 154
104 278
104 425
104 614
104 214
104 29
104 151
415 136
415 374
415 312
415 204
415 472
415 414
415 253
415 588
415 424
415 44
415 381
415 369
415 656
415 538
415 18
415 547
415 107
415 455
415 189
415 128
7 466
7 179
7 556
7 60
7 566
7 205
7 537
7 164
7 439
7 2
7 207
7 119
7 594
7 563
7 573
7 361
7 562
7 109
7 642
7 359
7 79
7 43
7 317
7 418
7 245
7 617
7 25
7 568
7 174
7 569
7 440
7 524
7 116
360 563
360 25
360 569
211 552
211 487
211 516
211 625
211 494
211 527
211 391
211 51
211 20
211 368
211 255
211 27
211 269
211 601
211 364
211 100
211 551
211 421
211 160
211 351
211 602
153 616
153 293
153 365
153 371
153 233
153 490
153 154
153 160
153 357
153 232
349 55
349 225
349 494
349 371
349 51
349 254
349 39
349 27
349 325
349 269
349 100
349 551
349 421
349 160
349 351
349 350
448 404
45 494
45 40
45 527
45 365
45 391
45 27
45 269
45 601
45 100
45 351
45 602
466 569
179 556
179 537
179 164
179 439
179 2
179 207
179 119
179 594
179 563
179 573
179 361
179 562
179 109
179 501
179 642
179 480
179 366
179 79
179 43
179 418
179 245
179 25
179 569
179 440
179 524
179 116
556 60
556 566
556 205
556 537
556 164
556 119
556 594
556 563
556 573
556 562
556 109
556 642
556 157
556 245
556 617
556 25
556 568
556 174
556 440
556 524
60 537
60 439
60 2
60 207
60 119
60 594
60 563
60 361
60 501
60 642
60 79
60 406
60 244
60 25
60 568
60 569
60 524
60 116
526 92
526 630
526 441
526 528
526 408
526 589
526 257
526 147
526 450
526 353
526 416
526 275
526 336
526 304
223 576
223 655
223 507
223 94
223 218
492 487
492 55
492 51
492 601
303 48
303 436
303 495
303 430
303 17
303 637
303 15
303 74
303 404
303 313
303 578
303 102
552 487
552 610
552 516
552 212
552 391
552 180
552 20
552 558
552 88
552 255
552 269
552 309
552 334
552 601
552 555
552 364
552 100
552 191
552 551
552 19
552 421
552 351
552 427
552 532
552 602
552 46
552 232
487 610
487 206
487 55
487 527
487 391
487 51
487 558
487 254
487 88
487 269
487 601
487 555
487 100
487 551
487 10
487 602
566 164
566 573
566 562
566 501
566 157
566 245
566 25
566 568
566 569
566 440
566 524
306 92
306 630
306 529
306 87
306 589
306 353
205 123
205 439
205 119
205 563
205 359
205 366
205 244
205 25
205 174
205 569
205 440
205 524
610 516
610 55
610 625
610 225
610 494
610 391
610 51
610 20
610 558
610 254
610 39
610 368
610 255
610 27
610 269
610 601
610 364
610 100
610 551
610 421
610 160
610 602
610 417
123 439
123 480
123 418
123 25
123 174
206 55
206 51
206 176
206 27
206 269
537 2
537 119
537 594
537 563
537 361
537 366
537 418
537 245
537 25
537 569
537 440
537 524
164 563
164 573
164 562
164 501
164 642
164 480
164 157
164 418
164 245
164 617
164 25
164 568
164 174
164 524
516 212
516 527
516 391
516 180
516 155
516 254
516 368
516 269
516 309
516 334
516 601
516 555
516 364
516 54
516 100
516 191
516 19
516 421
516 427
516 602
516 232
136 312
136 204
136 414
136 329
136 512
136 373
136 107
136 294
136 288
136 574
619 616
619 371
619 160
165 385
92 528
92 209
92 589
92 257
92 147
92 403
92 77
92 90
428 527
428 391
428 601
428 364
428 100
428 421
428 351
48 436
48 495
48 430
48 649
48 637
48 74
48 404
48 313
48 578
48 265
48 546
48 102
48 231
48 614
48 111
48 496
628 486
628 120
628 293
628 371
628 301
628 286
628 631
628 320
628 518
628 151
497 395
497 394
497 539
291 55
291 370
291 225
291 406
291 51
291 343
486 202
486 293
486 579
486 626
486 371
486 343
486 490
486 297
486 631
486 154
486 425
486 175
486 101
486 469
55 370
55 625
55 225
55 293
55 51
55 27
55 269
55 309
55 334
55 555
55 100
55 191
55 19
55 160
55 602
55 232
202 233
202 198
202 631
397 578
397 265
397 102
220 102
370 494
370 527
370 391
370 51
370 254
370 39
370 368
370 27
370 325
370 269
370 601
370 364
370 100
370 551
370 421
370 160
370 351
616 371
630 529
630 87
630 441
630 408
630 209
630 589
630 257
630 450
630 353
630 416
630 275
630 304
630 90
439 244
439 25
529 257
529 275
108 120
108 96
108 293
108 301
108 233
108 66
108 297
108 631
108 231
108 278
108 425
108 214
108 29
108 469
374 204
374 414
374 424
374 44
374 18
374 107
625 225
625 51
625 27
625 94
625 54
625 551
625 351
625 218
625 232
225 527
225 365
225 51
225 180
225 27
225 269
225 309
225 555
225 364
225 100
225 19
225 421
225 351
225 427
225 232
76 17
76 488
76 134
76 22
87 528
87 332
87 342
87 77
494 371
494 155
494 601
494 555
494 54
494 160
494 351
494 232
2 594
2 418
2 25
2 440
312 204
312 246
312 150
312 44
312 329
312 512
312 373
312 381
312 656
312 18
312 547
312 327
312 455
312 189
312 128
312 172
312 574
120 301
120 233
120 297
120 214
120 357
207 119
207 563
207 501
207 418
207 617
207 25
207 569
207 524
207 116
96 301
96 233
96 343
96 66
96 297
96 231
96 278
96 425
96 214
96 29
96 151
96 469
204 246
204 253
204 329
204 369
204 18
204 547
204 107
204 294
204 288
204 455
204 574
441 528
441 589
441 257
441 450
441 586
441 215
441 353
441 416
441 336
441 304
441 77
441 90
441 234
436 495
436 430
436 637
436 404
436 313
436 578
436 265
436 614
472 414
472 424
472 44
472 18
472 107
293 592
293 365
293 626
293 371
293 301
293 233
293 198
293 490
293 546
293 286
293 473
293 507
293 102
293 309
293 631
293 320
293 154
293 518
293 214
293 160
293 151
293 232
579 301
579 343
579 66
579 490
579 473
579 297
579 631
579 320
579 518
579 425
579 175
579 357
579 469
119 594
119 361
119 501
119 642
119 79
119 418
119 617
119 440
119 524
528 593
528 629
528 589
528 161
528 633
528 394
528 539
528 591
528 587
528 453
528 257
528 147
528 403
528 332
528 462
528 586
528 215
528 353
528 275
528 336
528 604
528 304
528 77
528 90
495 430
495 649
495 637
495 15
495 74
495 404
495 313
495 380
495 578
495 265
495 102
495 231
495 111
495 504
495 496
594 563
594 418
594 245
594 25
594 568
594 440
594 524
563 573
563 361
563 109
563 501
563 642
563 79
563 245
563 617
563 25
563 568
563 440
563 524
414 246
414 424
414 44
414 329
414 512
414 381
414 538
414 547
414 107
414 128
414 574
430 649
430 17
430 637
430 15
430 74
430 313
430 578
430 102
649 637
649 313
649 380
649 578
649 265
649 504
649 496
593 591
593 587
593 453
593 147
593 403
593 353
593 604
593 77
573 562
573 157
573 245
573 617
573 568
573 524
40 391
40 180
40 558
40 88
40 601
40 555
40 355
40 551
40 10
40 19
40 421
40 532
40 602
576 655
576 507
592 371
592 160
361 501
361 642
361 317
361 418
361 617
361 25
562 501
562 157
562 418
562 245
562 617
562 25
562 568
562 440
562 524
562 116
464 633
464 394
246 424
246 512
246 373
246 369
246 18
246 547
246 107
246 455
212 254
212 269
212 601
212 364
212 100
212 421
212 602
106 637
106 488
106 22
527 365
527 391
527 20
527 254
527 88
527 368
527 255
527 27
527 269
527 309
527 334
527 601
527 555
527 54
527 100
527 191
527 551
527 240
527 158
527 19
527 421
527 351
527 427
527 532
527 602
527 46
527 350
527 232
365 626
365 371
365 233
365 198
365 490
365 546
365 286
365 507
365 309
365 505
365 320
365 154
365 425
365 240
365 160
365 351
365 151
365 232
626 371
626 301
626 233
626 198
626 473
626 631
626 505
626 320
626 518
626 278
626 214
626 29
626 151
17 74
17 313
109 617
109 25
109 440
109 524
637 15
637 404
637 313
637 380
637 578
637 265
637 231
637 614
637 111
637 504
371 233
371 198
371 343
371 490
371 546
371 507
371 631
371 154
371 214
371 29
371 151
371 469
253 329
253 512
253 369
253 656
253 18
253 547
253 455
253 172
253 574
15 380
15 578
15 102
588 373
588 369
588 656
588 327
588 455
588 172
408 257
408 450
408 416
408 275
408 304
209 90
209 234
391 180
391 20
391 155
391 254
391 88
391 255
391 269
391 309
391 334
391 601
391 555
391 364
391 54
391 100
391 191
391 551
391 158
391 19
391 421
391 351
391 427
391 532
391 602
391 46
391 232
301 233
301 66
301 286
301 297
301 231
301 278
301 425
301 214
301 29
301 357
301 151
301 639
501 480
501 418
501 617
501 25
501 174
501 524
424 44
424 381
424 369
424 18
424 107
424 294
233 66
233 490
233 297
233 631
233 231
233 154
233 425
233 214
233 29
233 160
233 351
233 151
233 469
233 232
642 480
642 418
642 617
642 25
642 524
198 490
198 309
198 334
198 154
198 160
198 351
198 232
480 317
480 418
480 245
480 617
480 25
480 174
480 524
74 404
74 313
150 373
150 18
150 547
230 176
629 357
404 380
404 578
366 244
366 25
366 524
313 102
313 504
79 25
79 524
406 488
589 257
589 147
589 450
589 586
589 353
589 275
589 336
589 304
589 77
589 90
43 25
157 418
157 245
157 617
157 568
157 440
157 524
395 539
317 617
317 568
44 512
44 373
44 381
44 656
44 18
44 107
44 294
44 288
44 128
44 574
51 180
51 558
51 155
51 254
51 88
51 262
51 27
51 309
51 601
51 555
51 54
51 100
51 191
51 551
51 158
51 19
51 421
51 351
51 427
51 417
51 46
51 232
329 512
329 373
329 369
329 656
329 327
329 107
329 294
329 288
329 128
329 172
329 574
343 66
343 490
343 473
343 631
343 320
343 231
343 518
343 601
343 425
343 175
343 214
343 357
343 151
343 469
343 639
244 25
66 490
66 231
66 425
66 214
66 29
66 101
66 151
161 394
161 539
633 394
633 539
633 541
633 311
180 558
180 254
180 368
180 27
180 269
180 601
180 100
180 551
180 351
180 602
180 417
20 255
20 269
20 601
20 555
20 54
20 100
20 191
20 421
20 351
20 232
512 373
512 369
512 656
512 18
512 547
512 294
512 288
512 455
512 128
488 134
488 22
394 539
490 473
490 297
490 631
490 320
490 154
490 425
490 175
490 29
490 101
490 160
490 351
490 469
490 639
380 578
380 102
380 231
373 381
373 369
373 656
373 327
373 107
373 288
373 189
373 574
578 265
578 102
578 231
578 111
578 504
578 496
558 155
558 254
558 88
558 340
558 176
558 334
558 601
558 555
558 100
558 355
558 551
558 10
558 19
558 421
655 507
655 375
655 218
265 102
265 614
265 111
265 496
155 254
155 507
155 27
155 269
155 601
155 364
155 100
155 351
254 39
254 88
254 368
254 255
254 27
254 269
254 309
254 334
254 601
254 555
254 100
254 191
254 19
254 351
254 427
254 350
254 232
546 27
546 278
546 214
546 29
381 547
381 327
381 107
381 467
418 245
418 617
418 25
418 174
418 569
418 440
418 524
39 88
39 368
39 27
39 309
39 555
39 191
39 351
39 427
88 262
88 269
88 601
88 364
88 100
88 551
88 421
88 351
88 602
286 320
286 518
286 278
286 425
286 214
286 357
286 151
286 469
286 639
473 631
473 320
473 154
473 518
473 425
473 175
473 357
473 151
473 469
507 375
507 175
507 218
368 325
368 269
368 309
368 601
368 555
368 100
368 191
368 19
368 351
368 427
368 532
368 350
368 232
369 656
369 18
369 107
369 294
369 288
369 189
369 128
369 172
369 574
400 340
400 10
340 228
102 154
102 111
102 504
102 496
591 354
591 587
591 403
591 353
591 604
656 18
656 547
656 189
656 172
656 574
134 22
297 231
297 154
297 357
297 151
538 107
176 228
176 10
176 46
228 227
255 27
255 269
255 309
255 334
255 601
255 364
255 54
255 100
255 551
255 421
255 160
255 351
255 532
255 232
27 269
27 309
27 601
27 555
27 100
27 551
27 19
27 160
27 351
27 427
27 532
27 232
325 555
325 19
325 160
541 311
245 617
245 25
245 568
245 524
269 309
269 334
269 601
269 555
269 364
269 54
269 100
269 191
269 551
269 158
269 19
269 421
269 427
269 532
269 602
269 46
269 232
354 587
354 77
587 453
587 147
587 353
587 275
587 336
587 604
587 77
453 353
453 604
257 450
257 586
257 353
257 416
257 275
257 336
257 304
257 90
257 234
147 450
147 586
147 215
147 353
147 416
147 336
147 604
147 304
147 77
147 90
309 631
309 154
309 601
309 100
309 551
309 421
309 160
309 351
309 350
18 327
18 107
18 294
18 288
18 455
18 128
18 172
18 574
617 25
617 568
617 569
617 440
617 524
631 320
631 518
631 94
631 278
631 425
631 175
631 214
631 160
631 357
631 469
631 218
631 639
547 327
547 455
547 189
505 351
25 568
25 174
25 524
25 116
568 440
568 524
320 518
320 425
320 175
320 357
320 151
320 469
332 77
174 524
327 455
327 172
107 294
107 288
107 128
107 574
334 601
334 364
334 100
334 551
334 421
334 602
231 214
231 29
231 151
569 524
569 121
440 524
154 160
154 351
154 151
154 232
94 218
524 121
601 555
601 364
601 54
601 100
601 191
601 551
601 158
601 19
601 421
601 160
601 351
601 427
601 532
601 602
601 46
601 232
555 364
555 100
555 551
555 421
555 160
278 214
278 29
278 639
364 100
364 551
364 421
364 351
364 602
364 232
288 128
288 574
425 175
425 357
425 151
425 469
54 100
54 551
54 421
54 160
54 351
54 350
100 191
100 551
100 158
100 19
100 421
100 160
100 351
100 427
100 532
100 602
100 232
450 416
450 275
175 357
175 151
175 469
191 351
191 602
191 350
111 504
111 496
214 29
214 357
214 151
455 189
455 128
455 172
29 151
551 19
551 421
551 160
551 351
551 427
551 532
551 602
551 46
551 232
240 351
240 427
240 350
586 353
586 416
586 275
586 304
158 351
158 602
215 353
215 336
353 275
353 336
353 604
353 304
353 77
19 351
19 417
421 160
421 351
421 427
421 232
160 351
416 275
351 427
351 469
351 532
351 46
351 232
357 469
357 639
151 469
427 469
427 350
469 639
532 602
275 336
275 304
275 90
602 46
336 604
336 304
304 342
128 574
172 574
