242
4702
(2, 3)
(2, 4)
(2, 5)
(2, 6)
(2, 7)
(2, 8)
(2, 9)
(2, 10)
(2, 11)
(2, 12)
(2, 13)
(2, 14)
(2, 15)
(2, 16)
(2, 17)
(2, 18)
(2, 19)
(2, 20)
(3, 4)
(3, 5)
(3, 6)
(3, 7)
(3, 8)
(3, 9)
(3, 10)
(3, 11)
(3, 12)
(3, 13)
(3, 14)
(3, 15)
(3, 16)
(3, 17)
(3, 18)
(3, 19)
(3, 20)
(3, 33)
(3, 177)
(3, 180)
(3, 181)
(3, 184)
(4, 33)
(4, 34)
(4, 178)
(4, 6)
(4, 7)
(4, 40)
(4, 43)
(4, 12)
(4, 177)
(4, 18)
(4, 19)
(4, 180)
(4, 181)
(4, 23)
(5, 33)
(5, 6)
(5, 7)
(5, 12)
(5, 15)
(5, 18)
(5, 19)
(5, 20)
(6, 7)
(6, 8)
(6, 10)
(6, 11)
(6, 12)
(6, 13)
(6, 14)
(6, 16)
(6, 17)
(6, 18)
(6, 19)
(6, 20)
(6, 33)
(6, 34)
(6, 177)
(6, 178)
(6, 180)
(6, 181)
(6, 184)
(7, 8)
(7, 10)
(7, 11)
(7, 13)
(7, 14)
(7, 15)
(7, 17)
(7, 18)
(7, 19)
(7, 20)
(7, 23)
(7, 33)
(7, 34)
(7, 43)
(7, 177)
(7, 178)
(7, 180)
(7, 184)
(8, 12)
(8, 14)
(8, 15)
(8, 18)
(8, 19)
(8, 20)
(8, 149)
(8, 22)
(8, 23)
(8, 24)
(8, 25)
(8, 26)
(8, 28)
(8, 29)
(8, 30)
(8, 31)
(8, 32)
(8, 33)
(8, 34)
(8, 37)
(8, 38)
(8, 39)
(8, 40)
(8, 41)
(8, 43)
(8, 177)
(8, 180)
(8, 181)
(8, 182)
(8, 185)
(8, 21)
(9, 12)
(9, 15)
(9, 177)
(9, 18)
(9, 179)
(9, 20)
(9, 181)
(10, 19)
(10, 33)
(10, 12)
(10, 178)
(10, 15)
(10, 177)
(10, 18)
(10, 179)
(10, 180)
(10, 149)
(10, 182)
(10, 20)
(10, 181)
(11, 12)
(11, 14)
(11, 15)
(11, 18)
(11, 19)
(11, 20)
(11, 23)
(11, 33)
(11, 34)
(11, 40)
(11, 43)
(11, 177)
(11, 178)
(11, 180)
(11, 181)
(11, 182)
(11, 187)
(11, 241)
(12, 33)
(12, 177)
(12, 13)
(12, 15)
(12, 17)
(12, 18)
(12, 20)
(12, 181)
(13, 14)
(13, 15)
(13, 18)
(13, 19)
(13, 20)
(13, 23)
(13, 33)
(13, 34)
(13, 40)
(13, 43)
(13, 177)
(13, 178)
(13, 179)
(13, 180)
(13, 181)
(13, 182)
(13, 241)
(14, 33)
(14, 34)
(14, 17)
(14, 18)
(14, 19)
(14, 180)
(14, 184)
(14, 20)
(14, 15)
(15, 177)
(15, 16)
(15, 17)
(15, 18)
(15, 19)
(15, 180)
(15, 20)
(16, 18)
(16, 19)
(16, 180)
(16, 181)
(16, 20)
(16, 187)
(17, 33)
(17, 18)
(17, 177)
(17, 178)
(17, 19)
(17, 180)
(17, 181)
(17, 20)
(17, 187)
(18, 19)
(18, 20)
(18, 33)
(18, 34)
(18, 37)
(18, 177)
(18, 178)
(18, 180)
(18, 181)
(18, 182)
(18, 186)
(18, 187)
(18, 222)
(18, 239)
(19, 20)
(19, 32)
(19, 33)
(19, 34)
(19, 40)
(19, 43)
(19, 177)
(19, 178)
(19, 180)
(19, 182)
(19, 239)
(19, 241)
(20, 33)
(20, 34)
(20, 40)
(20, 43)
(20, 178)
(20, 180)
(20, 182)
(20, 239)
(20, 241)
(21, 22)
(21, 23)
(21, 24)
(21, 25)
(21, 26)
(21, 27)
(21, 28)
(21, 29)
(21, 30)
(21, 31)
(21, 32)
(21, 33)
(21, 34)
(21, 35)
(21, 36)
(21, 37)
(21, 38)
(21, 39)
(21, 40)
(21, 41)
(21, 42)
(21, 43)
(22, 149)
(22, 23)
(22, 26)
(22, 27)
(22, 28)
(22, 29)
(22, 30)
(22, 31)
(22, 32)
(22, 33)
(22, 34)
(22, 35)
(22, 36)
(22, 37)
(22, 38)
(22, 39)
(22, 40)
(22, 41)
(22, 42)
(22, 43)
(22, 185)
(23, 149)
(23, 26)
(23, 28)
(23, 29)
(23, 30)
(23, 31)
(23, 32)
(23, 33)
(23, 34)
(23, 35)
(23, 36)
(23, 37)
(23, 38)
(23, 39)
(23, 40)
(23, 41)
(23, 42)
(23, 43)
(23, 178)
(23, 184)
(23, 185)
(24, 32)
(24, 35)
(24, 36)
(24, 37)
(24, 39)
(24, 41)
(24, 185)
(24, 25)
(24, 26)
(24, 31)
(24, 28)
(24, 29)
(24, 30)
(24, 149)
(25, 32)
(25, 33)
(25, 34)
(25, 35)
(25, 36)
(25, 37)
(25, 38)
(25, 39)
(25, 41)
(25, 42)
(25, 43)
(25, 40)
(25, 185)
(25, 26)
(25, 31)
(25, 28)
(25, 30)
(25, 149)
(26, 149)
(26, 28)
(26, 29)
(26, 30)
(26, 31)
(26, 32)
(26, 33)
(26, 34)
(26, 35)
(26, 36)
(26, 37)
(26, 38)
(26, 39)
(26, 40)
(26, 41)
(26, 42)
(26, 43)
(26, 185)
(27, 32)
(27, 34)
(27, 163)
(27, 37)
(27, 40)
(27, 41)
(27, 28)
(27, 31)
(28, 149)
(28, 29)
(28, 30)
(28, 31)
(28, 32)
(28, 33)
(28, 34)
(28, 35)
(28, 36)
(28, 37)
(28, 38)
(28, 167)
(28, 40)
(28, 41)
(28, 42)
(28, 43)
(28, 48)
(28, 185)
(28, 58)
(28, 39)
(28, 154)
(29, 32)
(29, 33)
(29, 34)
(29, 36)
(29, 37)
(29, 38)
(29, 39)
(29, 40)
(29, 43)
(29, 30)
(29, 31)
(30, 149)
(30, 31)
(30, 32)
(30, 33)
(30, 34)
(30, 35)
(30, 36)
(30, 37)
(30, 38)
(30, 39)
(30, 40)
(30, 41)
(30, 42)
(30, 43)
(30, 185)
(31, 128)
(31, 129)
(31, 134)
(31, 135)
(31, 136)
(31, 138)
(31, 151)
(31, 144)
(31, 152)
(31, 148)
(31, 32)
(31, 33)
(31, 34)
(31, 35)
(31, 36)
(31, 37)
(31, 38)
(31, 39)
(31, 40)
(31, 41)
(31, 42)
(31, 43)
(31, 185)
(31, 188)
(31, 63)
(31, 64)
(31, 65)
(31, 66)
(31, 68)
(31, 69)
(31, 70)
(31, 74)
(31, 75)
(31, 79)
(31, 82)
(31, 84)
(31, 86)
(31, 91)
(31, 92)
(31, 93)
(31, 94)
(31, 101)
(31, 102)
(31, 105)
(31, 106)
(31, 110)
(31, 111)
(31, 115)
(31, 116)
(31, 119)
(31, 153)
(31, 127)
(31, 124)
(31, 126)
(31, 149)
(32, 149)
(32, 33)
(32, 34)
(32, 35)
(32, 36)
(32, 37)
(32, 39)
(32, 40)
(32, 41)
(32, 42)
(32, 43)
(32, 185)
(33, 34)
(33, 36)
(33, 37)
(33, 38)
(33, 39)
(33, 40)
(33, 41)
(33, 42)
(33, 43)
(33, 177)
(33, 178)
(33, 180)
(33, 184)
(33, 185)
(33, 149)
(34, 36)
(34, 37)
(34, 39)
(34, 40)
(34, 41)
(34, 42)
(34, 43)
(34, 178)
(34, 180)
(34, 184)
(34, 185)
(34, 149)
(35, 149)
(35, 37)
(35, 38)
(35, 39)
(35, 40)
(35, 41)
(35, 43)
(35, 185)
(36, 37)
(36, 149)
(36, 39)
(36, 40)
(36, 41)
(36, 43)
(36, 38)
(36, 185)
(37, 38)
(37, 39)
(37, 40)
(37, 41)
(37, 42)
(37, 43)
(37, 63)
(37, 64)
(37, 67)
(37, 70)
(37, 71)
(37, 72)
(37, 73)
(37, 75)
(37, 77)
(37, 78)
(37, 79)
(37, 81)
(37, 83)
(37, 84)
(37, 86)
(37, 87)
(37, 89)
(37, 91)
(37, 93)
(37, 94)
(37, 95)
(37, 97)
(37, 98)
(37, 99)
(37, 100)
(37, 101)
(37, 102)
(37, 104)
(37, 105)
(37, 106)
(37, 107)
(37, 108)
(37, 109)
(37, 111)
(37, 112)
(37, 113)
(37, 114)
(37, 117)
(37, 118)
(37, 119)
(37, 120)
(37, 121)
(37, 122)
(37, 124)
(37, 125)
(37, 126)
(37, 129)
(37, 130)
(37, 131)
(37, 132)
(37, 133)
(37, 134)
(37, 135)
(37, 136)
(37, 138)
(37, 140)
(37, 142)
(37, 146)
(37, 147)
(37, 149)
(37, 150)
(37, 185)
(38, 149)
(38, 39)
(38, 41)
(38, 42)
(38, 43)
(38, 40)
(38, 185)
(39, 149)
(39, 40)
(39, 41)
(39, 42)
(39, 43)
(39, 185)
(40, 41)
(40, 42)
(40, 43)
(40, 185)
(40, 90)
(40, 149)
(41, 149)
(41, 43)
(41, 185)
(41, 67)
(42, 149)
(42, 43)
(42, 185)
(43, 149)
(43, 178)
(43, 184)
(43, 185)
(44, 45)
(44, 46)
(44, 47)
(44, 48)
(44, 49)
(44, 50)
(44, 51)
(44, 52)
(44, 53)
(44, 54)
(44, 55)
(44, 56)
(44, 57)
(44, 58)
(44, 59)
(44, 60)
(45, 139)
(45, 152)
(45, 46)
(45, 47)
(45, 50)
(45, 53)
(45, 55)
(45, 198)
(45, 199)
(45, 200)
(45, 201)
(45, 202)
(45, 203)
(45, 204)
(45, 206)
(45, 207)
(45, 80)
(45, 209)
(45, 210)
(45, 211)
(45, 212)
(45, 216)
(45, 217)
(45, 218)
(45, 219)
(45, 220)
(45, 221)
(45, 208)
(45, 233)
(45, 110)
(46, 139)
(46, 152)
(46, 47)
(46, 48)
(46, 49)
(46, 50)
(46, 51)
(46, 52)
(46, 53)
(46, 54)
(46, 55)
(46, 56)
(46, 57)
(46, 58)
(46, 59)
(46, 60)
(46, 198)
(46, 199)
(46, 200)
(46, 201)
(46, 202)
(46, 203)
(46, 204)
(46, 206)
(46, 207)
(46, 80)
(46, 210)
(46, 211)
(46, 212)
(46, 219)
(46, 220)
(46, 221)
(46, 208)
(46, 236)
(47, 139)
(47, 152)
(47, 48)
(47, 50)
(47, 51)
(47, 52)
(47, 53)
(47, 54)
(47, 56)
(47, 57)
(47, 58)
(47, 59)
(47, 60)
(47, 199)
(47, 200)
(47, 201)
(47, 202)
(47, 203)
(47, 207)
(47, 80)
(47, 209)
(47, 212)
(47, 219)
(47, 220)
(47, 221)
(47, 208)
(48, 130)
(48, 131)
(48, 132)
(48, 135)
(48, 108)
(48, 140)
(48, 141)
(48, 142)
(48, 60)
(48, 145)
(48, 146)
(48, 149)
(48, 151)
(48, 152)
(48, 153)
(48, 154)
(48, 90)
(48, 185)
(48, 219)
(48, 71)
(48, 206)
(48, 49)
(48, 50)
(48, 51)
(48, 53)
(48, 54)
(48, 73)
(48, 56)
(48, 57)
(48, 59)
(48, 188)
(48, 67)
(48, 70)
(48, 199)
(48, 72)
(48, 201)
(48, 75)
(48, 204)
(48, 78)
(48, 80)
(48, 81)
(48, 82)
(48, 83)
(48, 85)
(48, 87)
(48, 218)
(48, 91)
(48, 92)
(48, 97)
(48, 98)
(48, 99)
(48, 100)
(48, 102)
(48, 103)
(48, 104)
(48, 208)
(48, 236)
(48, 109)
(48, 112)
(48, 211)
(48, 120)
(48, 121)
(48, 124)
(49, 212)
(49, 236)
(49, 51)
(49, 52)
(49, 53)
(49, 54)
(49, 56)
(49, 57)
(49, 58)
(49, 59)
(49, 60)
(50, 139)
(50, 152)
(50, 51)
(50, 53)
(50, 55)
(50, 56)
(50, 58)
(50, 198)
(50, 199)
(50, 200)
(50, 201)
(50, 202)
(50, 203)
(50, 204)
(50, 205)
(50, 207)
(50, 80)
(50, 209)
(50, 211)
(50, 212)
(50, 216)
(50, 217)
(50, 218)
(50, 219)
(50, 220)
(50, 221)
(50, 208)
(51, 139)
(51, 152)
(51, 52)
(51, 54)
(51, 55)
(51, 56)
(51, 57)
(51, 58)
(51, 59)
(51, 60)
(51, 198)
(51, 199)
(51, 200)
(51, 201)
(51, 202)
(51, 203)
(51, 204)
(51, 205)
(51, 206)
(51, 207)
(51, 80)
(51, 209)
(51, 210)
(51, 211)
(51, 212)
(51, 216)
(51, 217)
(51, 218)
(51, 219)
(51, 220)
(51, 221)
(51, 208)
(51, 233)
(52, 152)
(52, 53)
(52, 54)
(52, 55)
(52, 56)
(52, 57)
(52, 58)
(52, 59)
(52, 60)
(52, 199)
(52, 202)
(52, 203)
(52, 206)
(52, 212)
(52, 219)
(52, 221)
(52, 236)
(53, 139)
(53, 152)
(53, 54)
(53, 55)
(53, 56)
(53, 57)
(53, 58)
(53, 59)
(53, 60)
(53, 199)
(53, 200)
(53, 201)
(53, 202)
(53, 203)
(53, 204)
(53, 205)
(53, 206)
(53, 207)
(53, 80)
(53, 209)
(53, 210)
(53, 211)
(53, 212)
(53, 216)
(53, 218)
(53, 220)
(53, 221)
(53, 208)
(53, 231)
(53, 233)
(53, 236)
(54, 152)
(54, 199)
(54, 236)
(54, 202)
(54, 139)
(54, 206)
(54, 80)
(54, 59)
(54, 56)
(54, 57)
(54, 218)
(54, 219)
(54, 60)
(55, 152)
(55, 56)
(55, 58)
(55, 60)
(55, 198)
(55, 199)
(55, 200)
(55, 201)
(55, 202)
(55, 204)
(55, 205)
(55, 207)
(55, 80)
(55, 209)
(55, 210)
(55, 211)
(55, 216)
(55, 217)
(55, 218)
(55, 221)
(56, 139)
(56, 152)
(56, 57)
(56, 58)
(56, 59)
(56, 60)
(56, 61)
(56, 198)
(56, 199)
(56, 200)
(56, 201)
(56, 202)
(56, 203)
(56, 206)
(56, 80)
(56, 211)
(56, 212)
(56, 216)
(56, 218)
(56, 219)
(56, 220)
(56, 221)
(56, 208)
(56, 236)
(57, 202)
(57, 203)
(57, 212)
(57, 59)
(57, 221)
(58, 139)
(58, 152)
(58, 198)
(58, 199)
(58, 200)
(58, 201)
(58, 202)
(58, 203)
(58, 204)
(58, 205)
(58, 206)
(58, 207)
(58, 80)
(58, 209)
(58, 210)
(58, 211)
(58, 212)
(58, 216)
(58, 217)
(58, 218)
(58, 221)
(58, 208)
(58, 231)
(58, 234)
(58, 236)
(59, 212)
(59, 236)
(59, 202)
(59, 203)
(59, 60)
(60, 202)
(60, 139)
(60, 152)
(60, 219)
(60, 221)
(61, 64)
(61, 65)
(61, 66)
(61, 67)
(61, 68)
(61, 69)
(61, 70)
(61, 71)
(61, 72)
(61, 73)
(61, 74)
(61, 75)
(61, 76)
(61, 77)
(61, 78)
(61, 79)
(61, 80)
(61, 62)
(61, 63)
(62, 64)
(62, 65)
(62, 98)
(62, 68)
(62, 69)
(62, 73)
(62, 74)
(62, 75)
(62, 80)
(62, 188)
(62, 153)
(62, 234)
(62, 122)
(62, 92)
(63, 129)
(63, 131)
(63, 133)
(63, 135)
(63, 137)
(63, 140)
(63, 141)
(63, 145)
(63, 146)
(63, 148)
(63, 149)
(63, 150)
(63, 151)
(63, 152)
(63, 155)
(63, 231)
(63, 156)
(63, 188)
(63, 64)
(63, 65)
(63, 66)
(63, 67)
(63, 70)
(63, 71)
(63, 72)
(63, 73)
(63, 74)
(63, 75)
(63, 77)
(63, 78)
(63, 79)
(63, 81)
(63, 82)
(63, 83)
(63, 84)
(63, 87)
(63, 90)
(63, 91)
(63, 92)
(63, 93)
(63, 94)
(63, 95)
(63, 96)
(63, 99)
(63, 100)
(63, 103)
(63, 104)
(63, 105)
(63, 107)
(63, 108)
(63, 109)
(63, 112)
(63, 113)
(63, 114)
(63, 115)
(63, 116)
(63, 117)
(63, 120)
(63, 121)
(63, 124)
(63, 126)
(64, 65)
(64, 66)
(64, 67)
(64, 68)
(64, 69)
(64, 70)
(64, 71)
(64, 72)
(64, 73)
(64, 74)
(64, 75)
(64, 76)
(64, 77)
(64, 78)
(64, 79)
(64, 81)
(64, 82)
(64, 83)
(64, 84)
(64, 85)
(64, 86)
(64, 87)
(64, 88)
(64, 89)
(64, 90)
(64, 91)
(64, 92)
(64, 93)
(64, 94)
(64, 95)
(64, 96)
(64, 97)
(64, 98)
(64, 99)
(64, 100)
(64, 101)
(64, 102)
(64, 103)
(64, 104)
(64, 105)
(64, 106)
(64, 107)
(64, 108)
(64, 109)
(64, 110)
(64, 111)
(64, 112)
(64, 113)
(64, 114)
(64, 115)
(64, 116)
(64, 117)
(64, 118)
(64, 119)
(64, 121)
(64, 122)
(64, 123)
(64, 124)
(64, 125)
(64, 126)
(64, 127)
(64, 128)
(64, 129)
(64, 130)
(64, 131)
(64, 132)
(64, 133)
(64, 134)
(64, 135)
(64, 136)
(64, 137)
(64, 138)
(64, 139)
(64, 140)
(64, 141)
(64, 142)
(64, 144)
(64, 145)
(64, 146)
(64, 147)
(64, 149)
(64, 150)
(64, 151)
(64, 152)
(64, 153)
(64, 154)
(64, 155)
(64, 156)
(64, 183)
(64, 188)
(65, 129)
(65, 130)
(65, 131)
(65, 132)
(65, 133)
(65, 134)
(65, 135)
(65, 136)
(65, 139)
(65, 140)
(65, 141)
(65, 142)
(65, 145)
(65, 146)
(65, 148)
(65, 149)
(65, 151)
(65, 152)
(65, 155)
(65, 156)
(65, 183)
(65, 188)
(65, 66)
(65, 68)
(65, 69)
(65, 70)
(65, 71)
(65, 75)
(65, 76)
(65, 77)
(65, 79)
(65, 80)
(65, 81)
(65, 82)
(65, 84)
(65, 86)
(65, 87)
(65, 90)
(65, 91)
(65, 92)
(65, 93)
(65, 94)
(65, 95)
(65, 101)
(65, 102)
(65, 103)
(65, 104)
(65, 105)
(65, 106)
(65, 108)
(65, 111)
(65, 112)
(65, 115)
(65, 116)
(65, 117)
(65, 118)
(65, 119)
(65, 120)
(65, 122)
(65, 124)
(65, 125)
(65, 126)
(65, 127)
(66, 128)
(66, 129)
(66, 132)
(66, 133)
(66, 134)
(66, 135)
(66, 136)
(66, 137)
(66, 138)
(66, 139)
(66, 140)
(66, 142)
(66, 144)
(66, 145)
(66, 146)
(66, 147)
(66, 148)
(66, 149)
(66, 150)
(66, 151)
(66, 152)
(66, 154)
(66, 155)
(66, 156)
(66, 183)
(66, 188)
(66, 67)
(66, 68)
(66, 69)
(66, 70)
(66, 72)
(66, 73)
(66, 74)
(66, 75)
(66, 77)
(66, 78)
(66, 79)
(66, 81)
(66, 82)
(66, 84)
(66, 86)
(66, 87)
(66, 88)
(66, 89)
(66, 90)
(66, 91)
(66, 92)
(66, 93)
(66, 94)
(66, 95)
(66, 97)
(66, 98)
(66, 99)
(66, 101)
(66, 102)
(66, 103)
(66, 105)
(66, 106)
(66, 108)
(66, 109)
(66, 110)
(66, 111)
(66, 112)
(66, 113)
(66, 115)
(66, 116)
(66, 118)
(66, 119)
(66, 120)
(66, 122)
(66, 124)
(66, 125)
(66, 126)
(66, 127)
(67, 128)
(67, 129)
(67, 130)
(67, 131)
(67, 132)
(67, 133)
(67, 134)
(67, 135)
(67, 137)
(67, 138)
(67, 140)
(67, 141)
(67, 142)
(67, 143)
(67, 145)
(67, 146)
(67, 147)
(67, 150)
(67, 151)
(67, 152)
(67, 153)
(67, 154)
(67, 155)
(67, 156)
(67, 188)
(67, 68)
(67, 70)
(67, 71)
(67, 72)
(67, 73)
(67, 75)
(67, 78)
(67, 79)
(67, 81)
(67, 82)
(67, 83)
(67, 85)
(67, 87)
(67, 88)
(67, 90)
(67, 91)
(67, 92)
(67, 93)
(67, 95)
(67, 96)
(67, 97)
(67, 98)
(67, 99)
(67, 100)
(67, 103)
(67, 104)
(67, 105)
(67, 108)
(67, 109)
(67, 110)
(67, 112)
(67, 113)
(67, 114)
(67, 115)
(67, 116)
(67, 117)
(67, 118)
(67, 120)
(67, 121)
(67, 122)
(67, 123)
(67, 124)
(67, 126)
(67, 127)
(68, 128)
(68, 129)
(68, 130)
(68, 131)
(68, 133)
(68, 134)
(68, 135)
(68, 137)
(68, 138)
(68, 139)
(68, 140)
(68, 141)
(68, 142)
(68, 144)
(68, 145)
(68, 146)
(68, 147)
(68, 148)
(68, 149)
(68, 150)
(68, 151)
(68, 152)
(68, 153)
(68, 154)
(68, 155)
(68, 156)
(68, 188)
(68, 69)
(68, 70)
(68, 71)
(68, 72)
(68, 73)
(68, 74)
(68, 75)
(68, 78)
(68, 79)
(68, 80)
(68, 82)
(68, 84)
(68, 86)
(68, 87)
(68, 90)
(68, 92)
(68, 94)
(68, 95)
(68, 98)
(68, 99)
(68, 103)
(68, 105)
(68, 106)
(68, 108)
(68, 109)
(68, 110)
(68, 111)
(68, 112)
(68, 115)
(68, 116)
(68, 117)
(68, 119)
(68, 122)
(68, 124)
(68, 125)
(68, 126)
(68, 127)
(69, 128)
(69, 129)
(69, 133)
(69, 134)
(69, 136)
(69, 137)
(69, 138)
(69, 139)
(69, 140)
(69, 141)
(69, 142)
(69, 144)
(69, 145)
(69, 146)
(69, 148)
(69, 149)
(69, 150)
(69, 151)
(69, 152)
(69, 153)
(69, 154)
(69, 155)
(69, 156)
(69, 188)
(69, 74)
(69, 75)
(69, 76)
(69, 77)
(69, 79)
(69, 80)
(69, 82)
(69, 84)
(69, 86)
(69, 90)
(69, 92)
(69, 93)
(69, 94)
(69, 95)
(69, 101)
(69, 102)
(69, 105)
(69, 106)
(69, 109)
(69, 110)
(69, 111)
(69, 115)
(69, 116)
(69, 118)
(69, 119)
(69, 122)
(69, 124)
(69, 125)
(69, 126)
(69, 127)
(70, 129)
(70, 130)
(70, 131)
(70, 132)
(70, 135)
(70, 136)
(70, 137)
(70, 138)
(70, 139)
(70, 140)
(70, 141)
(70, 142)
(70, 144)
(70, 145)
(70, 146)
(70, 147)
(70, 149)
(70, 150)
(70, 151)
(70, 152)
(70, 153)
(70, 155)
(70, 156)
(70, 71)
(70, 72)
(70, 73)
(70, 75)
(70, 77)
(70, 78)
(70, 79)
(70, 80)
(70, 81)
(70, 83)
(70, 84)
(70, 85)
(70, 87)
(70, 88)
(70, 89)
(70, 90)
(70, 91)
(70, 92)
(70, 93)
(70, 95)
(70, 96)
(70, 97)
(70, 98)
(70, 99)
(70, 100)
(70, 101)
(70, 102)
(70, 103)
(70, 104)
(70, 105)
(70, 106)
(70, 107)
(70, 108)
(70, 109)
(70, 110)
(70, 111)
(70, 112)
(70, 113)
(70, 114)
(70, 115)
(70, 116)
(70, 117)
(70, 120)
(70, 121)
(70, 122)
(70, 123)
(70, 124)
(70, 125)
(70, 127)
(71, 128)
(71, 129)
(71, 130)
(71, 131)
(71, 132)
(71, 135)
(71, 137)
(71, 138)
(71, 139)
(71, 140)
(71, 141)
(71, 142)
(71, 145)
(71, 146)
(71, 147)
(71, 150)
(71, 151)
(71, 152)
(71, 154)
(71, 155)
(71, 156)
(71, 183)
(71, 188)
(71, 72)
(71, 73)
(71, 75)
(71, 78)
(71, 79)
(71, 81)
(71, 82)
(71, 83)
(71, 84)
(71, 85)
(71, 87)
(71, 90)
(71, 93)
(71, 94)
(71, 95)
(71, 96)
(71, 97)
(71, 98)
(71, 99)
(71, 100)
(71, 103)
(71, 104)
(71, 105)
(71, 106)
(71, 107)
(71, 108)
(71, 109)
(71, 110)
(71, 111)
(71, 112)
(71, 113)
(71, 114)
(71, 115)
(71, 116)
(71, 117)
(71, 118)
(71, 119)
(71, 120)
(71, 121)
(71, 122)
(71, 124)
(71, 125)
(71, 126)
(71, 127)
(72, 129)
(72, 130)
(72, 131)
(72, 132)
(72, 135)
(72, 136)
(72, 137)
(72, 138)
(72, 139)
(72, 140)
(72, 142)
(72, 143)
(72, 144)
(72, 145)
(72, 146)
(72, 147)
(72, 150)
(72, 151)
(72, 153)
(72, 154)
(72, 156)
(72, 183)
(72, 188)
(72, 73)
(72, 74)
(72, 75)
(72, 76)
(72, 77)
(72, 78)
(72, 79)
(72, 80)
(72, 81)
(72, 82)
(72, 83)
(72, 84)
(72, 85)
(72, 87)
(72, 88)
(72, 90)
(72, 91)
(72, 93)
(72, 95)
(72, 96)
(72, 97)
(72, 98)
(72, 99)
(72, 100)
(72, 101)
(72, 102)
(72, 103)
(72, 104)
(72, 105)
(72, 107)
(72, 108)
(72, 109)
(72, 110)
(72, 111)
(72, 112)
(72, 113)
(72, 114)
(72, 115)
(72, 116)
(72, 117)
(72, 118)
(72, 119)
(72, 120)
(72, 121)
(72, 122)
(72, 123)
(72, 124)
(73, 129)
(73, 130)
(73, 131)
(73, 132)
(73, 133)
(73, 134)
(73, 135)
(73, 136)
(73, 138)
(73, 139)
(73, 140)
(73, 141)
(73, 142)
(73, 143)
(73, 144)
(73, 145)
(73, 146)
(73, 147)
(73, 151)
(73, 152)
(73, 155)
(73, 156)
(73, 188)
(73, 75)
(73, 76)
(73, 77)
(73, 78)
(73, 79)
(73, 80)
(73, 81)
(73, 82)
(73, 83)
(73, 84)
(73, 86)
(73, 87)
(73, 90)
(73, 91)
(73, 92)
(73, 93)
(73, 95)
(73, 96)
(73, 97)
(73, 98)
(73, 99)
(73, 100)
(73, 101)
(73, 102)
(73, 103)
(73, 104)
(73, 105)
(73, 106)
(73, 107)
(73, 108)
(73, 109)
(73, 111)
(73, 112)
(73, 113)
(73, 114)
(73, 115)
(73, 116)
(73, 117)
(73, 119)
(73, 120)
(73, 122)
(73, 124)
(73, 126)
(73, 127)
(74, 129)
(74, 133)
(74, 134)
(74, 136)
(74, 138)
(74, 140)
(74, 141)
(74, 142)
(74, 144)
(74, 146)
(74, 148)
(74, 149)
(74, 151)
(74, 152)
(74, 155)
(74, 156)
(74, 183)
(74, 188)
(74, 75)
(74, 76)
(74, 78)
(74, 79)
(74, 80)
(74, 81)
(74, 82)
(74, 84)
(74, 86)
(74, 89)
(74, 90)
(74, 91)
(74, 92)
(74, 93)
(74, 94)
(74, 95)
(74, 97)
(74, 98)
(74, 99)
(74, 101)
(74, 102)
(74, 105)
(74, 106)
(74, 109)
(74, 111)
(74, 112)
(74, 114)
(74, 115)
(74, 116)
(74, 118)
(74, 119)
(74, 122)
(74, 124)
(74, 125)
(74, 126)
(74, 127)
(75, 77)
(75, 78)
(75, 79)
(75, 81)
(75, 82)
(75, 83)
(75, 84)
(75, 86)
(75, 87)
(75, 88)
(75, 89)
(75, 90)
(75, 91)
(75, 92)
(75, 93)
(75, 94)
(75, 95)
(75, 96)
(75, 97)
(75, 98)
(75, 99)
(75, 100)
(75, 101)
(75, 102)
(75, 103)
(75, 104)
(75, 105)
(75, 106)
(75, 107)
(75, 108)
(75, 109)
(75, 110)
(75, 111)
(75, 112)
(75, 113)
(75, 114)
(75, 115)
(75, 116)
(75, 117)
(75, 118)
(75, 119)
(75, 121)
(75, 122)
(75, 123)
(75, 124)
(75, 125)
(75, 126)
(75, 127)
(75, 128)
(75, 129)
(75, 131)
(75, 132)
(75, 133)
(75, 134)
(75, 135)
(75, 136)
(75, 137)
(75, 138)
(75, 139)
(75, 140)
(75, 141)
(75, 142)
(75, 143)
(75, 144)
(75, 145)
(75, 146)
(75, 147)
(75, 148)
(75, 149)
(75, 150)
(75, 151)
(75, 152)
(75, 153)
(75, 154)
(75, 155)
(75, 156)
(75, 183)
(75, 188)
(76, 130)
(76, 135)
(76, 104)
(76, 138)
(76, 80)
(76, 92)
(76, 152)
(76, 188)
(77, 128)
(77, 129)
(77, 131)
(77, 132)
(77, 133)
(77, 134)
(77, 135)
(77, 136)
(77, 137)
(77, 138)
(77, 140)
(77, 141)
(77, 142)
(77, 143)
(77, 144)
(77, 146)
(77, 147)
(77, 151)
(77, 154)
(77, 155)
(77, 156)
(77, 78)
(77, 79)
(77, 81)
(77, 83)
(77, 84)
(77, 86)
(77, 88)
(77, 89)
(77, 90)
(77, 91)
(77, 92)
(77, 93)
(77, 94)
(77, 95)
(77, 98)
(77, 99)
(77, 101)
(77, 102)
(77, 103)
(77, 105)
(77, 106)
(77, 108)
(77, 109)
(77, 110)
(77, 111)
(77, 112)
(77, 113)
(77, 115)
(77, 116)
(77, 118)
(77, 119)
(77, 121)
(77, 122)
(77, 123)
(77, 124)
(77, 125)
(77, 126)
(77, 127)
(78, 128)
(78, 130)
(78, 131)
(78, 132)
(78, 134)
(78, 135)
(78, 137)
(78, 138)
(78, 139)
(78, 140)
(78, 141)
(78, 142)
(78, 143)
(78, 145)
(78, 146)
(78, 147)
(78, 150)
(78, 151)
(78, 153)
(78, 154)
(78, 156)
(78, 79)
(78, 80)
(78, 81)
(78, 83)
(78, 84)
(78, 85)
(78, 87)
(78, 88)
(78, 90)
(78, 91)
(78, 92)
(78, 93)
(78, 95)
(78, 96)
(78, 97)
(78, 98)
(78, 99)
(78, 100)
(78, 102)
(78, 103)
(78, 104)
(78, 107)
(78, 108)
(78, 109)
(78, 110)
(78, 111)
(78, 112)
(78, 113)
(78, 114)
(78, 115)
(78, 116)
(78, 117)
(78, 120)
(78, 121)
(78, 122)
(78, 123)
(78, 124)
(78, 125)
(79, 81)
(79, 82)
(79, 83)
(79, 84)
(79, 85)
(79, 86)
(79, 87)
(79, 88)
(79, 89)
(79, 90)
(79, 91)
(79, 92)
(79, 93)
(79, 94)
(79, 95)
(79, 96)
(79, 97)
(79, 98)
(79, 99)
(79, 101)
(79, 102)
(79, 103)
(79, 104)
(79, 105)
(79, 106)
(79, 107)
(79, 108)
(79, 109)
(79, 110)
(79, 111)
(79, 112)
(79, 113)
(79, 115)
(79, 116)
(79, 117)
(79, 118)
(79, 119)
(79, 120)
(79, 121)
(79, 122)
(79, 123)
(79, 124)
(79, 125)
(79, 126)
(79, 127)
(79, 128)
(79, 129)
(79, 130)
(79, 131)
(79, 133)
(79, 134)
(79, 135)
(79, 136)
(79, 137)
(79, 138)
(79, 139)
(79, 140)
(79, 141)
(79, 142)
(79, 143)
(79, 144)
(79, 145)
(79, 146)
(79, 147)
(79, 149)
(79, 150)
(79, 151)
(79, 152)
(79, 154)
(79, 155)
(79, 156)
(79, 183)
(79, 188)
(80, 135)
(80, 139)
(80, 140)
(80, 144)
(80, 146)
(80, 151)
(80, 152)
(80, 154)
(80, 155)
(80, 188)
(80, 198)
(80, 199)
(80, 200)
(80, 201)
(80, 202)
(80, 203)
(80, 204)
(80, 205)
(80, 207)
(80, 208)
(80, 209)
(80, 210)
(80, 211)
(80, 212)
(80, 206)
(80, 217)
(80, 218)
(80, 220)
(80, 221)
(80, 94)
(80, 97)
(80, 98)
(80, 99)
(80, 81)
(80, 231)
(80, 124)
(81, 128)
(81, 129)
(81, 130)
(81, 131)
(81, 132)
(81, 133)
(81, 134)
(81, 135)
(81, 136)
(81, 82)
(81, 83)
(81, 84)
(81, 85)
(81, 86)
(81, 87)
(81, 88)
(81, 89)
(81, 90)
(81, 91)
(81, 92)
(81, 93)
(81, 94)
(81, 95)
(81, 96)
(81, 97)
(81, 98)
(81, 99)
(81, 100)
(81, 101)
(81, 102)
(81, 103)
(81, 104)
(81, 105)
(81, 106)
(81, 107)
(81, 108)
(81, 109)
(81, 110)
(81, 111)
(81, 112)
(81, 113)
(81, 114)
(81, 115)
(81, 116)
(81, 117)
(81, 118)
(81, 119)
(81, 120)
(81, 121)
(81, 122)
(81, 123)
(81, 124)
(81, 125)
(81, 126)
(81, 127)
(82, 128)
(82, 129)
(82, 135)
(82, 136)
(82, 141)
(82, 142)
(82, 148)
(82, 149)
(82, 151)
(82, 152)
(82, 153)
(82, 155)
(82, 156)
(82, 188)
(82, 84)
(82, 90)
(82, 91)
(82, 92)
(82, 93)
(82, 94)
(82, 95)
(82, 96)
(82, 104)
(82, 105)
(82, 108)
(82, 109)
(82, 110)
(82, 113)
(82, 115)
(82, 116)
(82, 117)
(82, 119)
(82, 120)
(82, 121)
(82, 124)
(82, 126)
(83, 128)
(83, 129)
(83, 130)
(83, 131)
(83, 132)
(83, 134)
(83, 135)
(83, 137)
(83, 138)
(83, 139)
(83, 140)
(83, 141)
(83, 142)
(83, 143)
(83, 145)
(83, 146)
(83, 147)
(83, 150)
(83, 151)
(83, 154)
(83, 155)
(83, 156)
(83, 183)
(83, 188)
(83, 84)
(83, 85)
(83, 87)
(83, 88)
(83, 90)
(83, 91)
(83, 95)
(83, 96)
(83, 97)
(83, 98)
(83, 99)
(83, 100)
(83, 103)
(83, 104)
(83, 105)
(83, 106)
(83, 107)
(83, 108)
(83, 109)
(83, 112)
(83, 113)
(83, 114)
(83, 115)
(83, 116)
(83, 117)
(83, 119)
(83, 120)
(83, 121)
(83, 123)
(83, 124)
(83, 125)
(83, 126)
(84, 128)
(84, 129)
(84, 131)
(84, 132)
(84, 133)
(84, 134)
(84, 135)
(84, 136)
(84, 137)
(84, 138)
(84, 139)
(84, 140)
(84, 141)
(84, 142)
(84, 144)
(84, 145)
(84, 146)
(84, 147)
(84, 149)
(84, 150)
(84, 151)
(84, 154)
(84, 156)
(84, 183)
(84, 86)
(84, 87)
(84, 88)
(84, 89)
(84, 90)
(84, 91)
(84, 92)
(84, 93)
(84, 94)
(84, 95)
(84, 96)
(84, 97)
(84, 98)
(84, 99)
(84, 101)
(84, 102)
(84, 103)
(84, 104)
(84, 105)
(84, 106)
(84, 107)
(84, 108)
(84, 109)
(84, 111)
(84, 112)
(84, 113)
(84, 115)
(84, 116)
(84, 117)
(84, 118)
(84, 119)
(84, 120)
(84, 121)
(84, 122)
(84, 123)
(84, 124)
(84, 125)
(84, 126)
(84, 127)
(85, 130)
(85, 131)
(85, 132)
(85, 135)
(85, 141)
(85, 142)
(85, 143)
(85, 145)
(85, 146)
(85, 147)
(85, 151)
(85, 156)
(85, 188)
(85, 87)
(85, 88)
(85, 90)
(85, 96)
(85, 97)
(85, 98)
(85, 100)
(85, 103)
(85, 104)
(85, 108)
(85, 109)
(85, 112)
(85, 113)
(85, 114)
(85, 116)
(85, 117)
(85, 120)
(85, 124)
(86, 128)
(86, 129)
(86, 130)
(86, 133)
(86, 134)
(86, 136)
(86, 137)
(86, 138)
(86, 139)
(86, 140)
(86, 141)
(86, 142)
(86, 144)
(86, 145)
(86, 146)
(86, 147)
(86, 148)
(86, 150)
(86, 154)
(86, 183)
(86, 91)
(86, 92)
(86, 93)
(86, 94)
(86, 95)
(86, 98)
(86, 101)
(86, 102)
(86, 105)
(86, 106)
(86, 109)
(86, 110)
(86, 111)
(86, 113)
(86, 118)
(86, 119)
(86, 122)
(86, 123)
(86, 124)
(86, 125)
(86, 126)
(86, 127)
(87, 128)
(87, 129)
(87, 130)
(87, 131)
(87, 132)
(87, 135)
(87, 137)
(87, 138)
(87, 139)
(87, 140)
(87, 141)
(87, 142)
(87, 145)
(87, 146)
(87, 147)
(87, 150)
(87, 151)
(87, 154)
(87, 155)
(87, 156)
(87, 188)
(87, 88)
(87, 90)
(87, 91)
(87, 92)
(87, 93)
(87, 95)
(87, 96)
(87, 97)
(87, 98)
(87, 99)
(87, 100)
(87, 101)
(87, 103)
(87, 104)
(87, 105)
(87, 107)
(87, 108)
(87, 109)
(87, 110)
(87, 112)
(87, 113)
(87, 114)
(87, 115)
(87, 116)
(87, 117)
(87, 119)
(87, 120)
(87, 121)
(87, 122)
(87, 123)
(87, 124)
(87, 126)
(88, 128)
(88, 130)
(88, 131)
(88, 132)
(88, 135)
(88, 137)
(88, 140)
(88, 141)
(88, 142)
(88, 146)
(88, 147)
(88, 150)
(88, 154)
(88, 91)
(88, 95)
(88, 96)
(88, 97)
(88, 98)
(88, 99)
(88, 100)
(88, 104)
(88, 107)
(88, 108)
(88, 109)
(88, 113)
(88, 114)
(88, 115)
(88, 116)
(88, 117)
(88, 121)
(88, 124)
(89, 128)
(89, 129)
(89, 135)
(89, 136)
(89, 141)
(89, 145)
(89, 156)
(89, 188)
(89, 90)
(89, 92)
(89, 93)
(89, 94)
(89, 95)
(89, 101)
(89, 102)
(89, 105)
(89, 106)
(89, 109)
(89, 110)
(89, 111)
(89, 113)
(89, 115)
(89, 116)
(89, 118)
(89, 119)
(89, 122)
(89, 125)
(89, 126)
(89, 127)
(90, 91)
(90, 92)
(90, 93)
(90, 94)
(90, 95)
(90, 96)
(90, 97)
(90, 98)
(90, 99)
(90, 100)
(90, 101)
(90, 102)
(90, 103)
(90, 104)
(90, 105)
(90, 106)
(90, 107)
(90, 108)
(90, 109)
(90, 110)
(90, 111)
(90, 112)
(90, 113)
(90, 115)
(90, 116)
(90, 117)
(90, 118)
(90, 119)
(90, 120)
(90, 121)
(90, 122)
(90, 124)
(90, 125)
(90, 126)
(90, 127)
(90, 129)
(90, 130)
(90, 131)
(90, 132)
(90, 133)
(90, 134)
(90, 135)
(90, 136)
(90, 137)
(90, 138)
(90, 139)
(90, 140)
(90, 141)
(90, 142)
(90, 143)
(90, 144)
(90, 145)
(90, 146)
(90, 147)
(90, 150)
(90, 151)
(90, 152)
(90, 154)
(90, 155)
(90, 156)
(90, 188)
(91, 128)
(91, 129)
(91, 131)
(91, 133)
(91, 134)
(91, 136)
(91, 138)
(91, 140)
(91, 141)
(91, 142)
(91, 143)
(91, 145)
(91, 146)
(91, 147)
(91, 148)
(91, 149)
(91, 150)
(91, 151)
(91, 154)
(91, 156)
(91, 183)
(91, 92)
(91, 93)
(91, 94)
(91, 95)
(91, 96)
(91, 97)
(91, 98)
(91, 99)
(91, 101)
(91, 102)
(91, 103)
(91, 105)
(91, 106)
(91, 108)
(91, 109)
(91, 110)
(91, 111)
(91, 112)
(91, 113)
(91, 115)
(91, 116)
(91, 118)
(91, 119)
(91, 120)
(91, 121)
(91, 122)
(91, 123)
(91, 124)
(91, 125)
(91, 126)
(91, 127)
(92, 128)
(92, 129)
(92, 130)
(92, 132)
(92, 133)
(92, 134)
(92, 135)
(92, 137)
(92, 138)
(92, 139)
(92, 140)
(92, 141)
(92, 142)
(92, 144)
(92, 145)
(92, 146)
(92, 147)
(92, 148)
(92, 149)
(92, 150)
(92, 151)
(92, 152)
(92, 153)
(92, 154)
(92, 155)
(92, 156)
(92, 183)
(92, 188)
(92, 93)
(92, 94)
(92, 95)
(92, 97)
(92, 98)
(92, 100)
(92, 101)
(92, 230)
(92, 103)
(92, 104)
(92, 105)
(92, 106)
(92, 231)
(92, 108)
(92, 109)
(92, 110)
(92, 111)
(92, 112)
(92, 102)
(92, 115)
(92, 116)
(92, 117)
(92, 118)
(92, 119)
(92, 120)
(92, 122)
(92, 124)
(92, 125)
(92, 126)
(92, 127)
(93, 128)
(93, 129)
(93, 133)
(93, 134)
(93, 135)
(93, 136)
(93, 137)
(93, 138)
(93, 139)
(93, 140)
(93, 141)
(93, 142)
(93, 143)
(93, 144)
(93, 146)
(93, 147)
(93, 148)
(93, 149)
(93, 150)
(93, 151)
(93, 152)
(93, 153)
(93, 154)
(93, 155)
(93, 156)
(93, 94)
(93, 95)
(93, 98)
(93, 100)
(93, 101)
(93, 102)
(93, 103)
(93, 104)
(93, 105)
(93, 106)
(93, 108)
(93, 109)
(93, 110)
(93, 111)
(93, 112)
(93, 113)
(93, 115)
(93, 116)
(93, 118)
(93, 119)
(93, 121)
(93, 122)
(93, 123)
(93, 124)
(93, 125)
(93, 126)
(93, 127)
(94, 128)
(94, 129)
(94, 133)
(94, 134)
(94, 136)
(94, 137)
(94, 139)
(94, 140)
(94, 141)
(94, 142)
(94, 144)
(94, 146)
(94, 149)
(94, 150)
(94, 151)
(94, 152)
(94, 153)
(94, 154)
(94, 155)
(94, 156)
(94, 183)
(94, 188)
(94, 95)
(94, 97)
(94, 101)
(94, 102)
(94, 103)
(94, 104)
(94, 105)
(94, 106)
(94, 109)
(94, 110)
(94, 111)
(94, 112)
(94, 113)
(94, 115)
(94, 116)
(94, 117)
(94, 118)
(94, 119)
(94, 122)
(94, 124)
(94, 125)
(94, 126)
(94, 127)
(95, 96)
(95, 98)
(95, 99)
(95, 101)
(95, 102)
(95, 103)
(95, 104)
(95, 105)
(95, 106)
(95, 107)
(95, 108)
(95, 109)
(95, 110)
(95, 111)
(95, 112)
(95, 113)
(95, 115)
(95, 116)
(95, 117)
(95, 118)
(95, 119)
(95, 120)
(95, 121)
(95, 122)
(95, 123)
(95, 124)
(95, 125)
(95, 126)
(95, 127)
(95, 128)
(95, 129)
(95, 130)
(95, 131)
(95, 133)
(95, 134)
(95, 135)
(95, 136)
(95, 137)
(95, 138)
(95, 139)
(95, 140)
(95, 141)
(95, 142)
(95, 143)
(95, 144)
(95, 145)
(95, 146)
(95, 147)
(95, 150)
(95, 151)
(95, 153)
(95, 154)
(95, 155)
(95, 156)
(95, 183)
(95, 188)
(95, 231)
(96, 129)
(96, 130)
(96, 131)
(96, 132)
(96, 135)
(96, 137)
(96, 138)
(96, 139)
(96, 140)
(96, 141)
(96, 142)
(96, 143)
(96, 145)
(96, 146)
(96, 147)
(96, 151)
(96, 154)
(96, 155)
(96, 156)
(96, 97)
(96, 98)
(96, 99)
(96, 100)
(96, 103)
(96, 104)
(96, 105)
(96, 107)
(96, 108)
(96, 109)
(96, 110)
(96, 112)
(96, 113)
(96, 114)
(96, 115)
(96, 116)
(96, 117)
(96, 120)
(96, 121)
(96, 122)
(96, 124)
(96, 126)
(97, 128)
(97, 130)
(97, 131)
(97, 132)
(97, 135)
(97, 137)
(97, 138)
(97, 139)
(97, 140)
(97, 141)
(97, 142)
(97, 143)
(97, 144)
(97, 146)
(97, 147)
(97, 150)
(97, 151)
(97, 154)
(97, 156)
(97, 183)
(97, 98)
(97, 99)
(97, 100)
(97, 103)
(97, 104)
(97, 107)
(97, 108)
(97, 109)
(97, 112)
(97, 113)
(97, 114)
(97, 115)
(97, 116)
(97, 117)
(97, 120)
(97, 121)
(97, 122)
(97, 124)
(98, 99)
(98, 100)
(98, 101)
(98, 102)
(98, 103)
(98, 104)
(98, 105)
(98, 106)
(98, 107)
(98, 108)
(98, 109)
(98, 111)
(98, 112)
(98, 113)
(98, 114)
(98, 115)
(98, 116)
(98, 117)
(98, 118)
(98, 119)
(98, 120)
(98, 121)
(98, 122)
(98, 124)
(98, 125)
(98, 126)
(98, 127)
(98, 128)
(98, 129)
(98, 130)
(98, 131)
(98, 132)
(98, 133)
(98, 134)
(98, 135)
(98, 136)
(98, 137)
(98, 138)
(98, 139)
(98, 140)
(98, 141)
(98, 142)
(98, 143)
(98, 144)
(98, 145)
(98, 146)
(98, 147)
(98, 150)
(98, 151)
(98, 152)
(98, 154)
(98, 155)
(98, 156)
(98, 183)
(98, 188)
(99, 128)
(99, 130)
(99, 131)
(99, 132)
(99, 134)
(99, 135)
(99, 136)
(99, 137)
(99, 138)
(99, 139)
(99, 141)
(99, 142)
(99, 143)
(99, 144)
(99, 145)
(99, 146)
(99, 147)
(99, 150)
(99, 151)
(99, 154)
(99, 155)
(99, 156)
(99, 100)
(99, 103)
(99, 104)
(99, 105)
(99, 107)
(99, 108)
(99, 109)
(99, 110)
(99, 112)
(99, 113)
(99, 114)
(99, 115)
(99, 116)
(99, 117)
(99, 120)
(99, 121)
(99, 124)
(99, 126)
(100, 130)
(100, 131)
(100, 132)
(100, 135)
(100, 137)
(100, 138)
(100, 139)
(100, 141)
(100, 142)
(100, 143)
(100, 145)
(100, 146)
(100, 151)
(100, 154)
(100, 155)
(100, 156)
(100, 103)
(100, 104)
(100, 107)
(100, 108)
(100, 109)
(100, 112)
(100, 113)
(100, 114)
(100, 115)
(100, 116)
(100, 117)
(100, 120)
(100, 121)
(100, 123)
(100, 124)
(101, 128)
(101, 129)
(101, 133)
(101, 134)
(101, 135)
(101, 136)
(101, 137)
(101, 138)
(101, 139)
(101, 140)
(101, 141)
(101, 142)
(101, 143)
(101, 144)
(101, 145)
(101, 146)
(101, 147)
(101, 148)
(101, 150)
(101, 154)
(101, 156)
(101, 102)
(101, 103)
(101, 105)
(101, 106)
(101, 109)
(101, 110)
(101, 111)
(101, 112)
(101, 113)
(101, 115)
(101, 116)
(101, 118)
(101, 119)
(101, 121)
(101, 122)
(101, 123)
(101, 124)
(101, 125)
(101, 126)
(101, 127)
(102, 128)
(102, 129)
(102, 133)
(102, 134)
(102, 136)
(102, 137)
(102, 139)
(102, 141)
(102, 142)
(102, 143)
(102, 144)
(102, 146)
(102, 147)
(102, 149)
(102, 151)
(102, 153)
(102, 154)
(102, 156)
(102, 103)
(102, 104)
(102, 105)
(102, 106)
(102, 109)
(102, 110)
(102, 111)
(102, 113)
(102, 115)
(102, 116)
(102, 118)
(102, 119)
(102, 121)
(102, 122)
(102, 123)
(102, 124)
(102, 125)
(102, 126)
(102, 127)
(103, 129)
(103, 130)
(103, 131)
(103, 132)
(103, 133)
(103, 135)
(103, 137)
(103, 138)
(103, 140)
(103, 142)
(103, 144)
(103, 145)
(103, 146)
(103, 147)
(103, 150)
(103, 151)
(103, 152)
(103, 154)
(103, 155)
(103, 156)
(103, 183)
(103, 188)
(103, 231)
(103, 104)
(103, 105)
(103, 106)
(103, 108)
(103, 109)
(103, 111)
(103, 112)
(103, 115)
(103, 116)
(103, 117)
(103, 118)
(103, 119)
(103, 120)
(103, 121)
(103, 122)
(103, 124)
(103, 125)
(103, 126)
(104, 129)
(104, 130)
(104, 131)
(104, 132)
(104, 135)
(104, 137)
(104, 138)
(104, 139)
(104, 141)
(104, 144)
(104, 145)
(104, 146)
(104, 147)
(104, 151)
(104, 152)
(104, 153)
(104, 154)
(104, 155)
(104, 156)
(104, 105)
(104, 107)
(104, 108)
(104, 109)
(104, 110)
(104, 112)
(104, 113)
(104, 114)
(104, 115)
(104, 116)
(104, 117)
(104, 119)
(104, 120)
(104, 121)
(104, 124)
(105, 128)
(105, 129)
(105, 130)
(105, 131)
(105, 133)
(105, 134)
(105, 135)
(105, 136)
(105, 138)
(105, 140)
(105, 141)
(105, 142)
(105, 143)
(105, 144)
(105, 145)
(105, 146)
(105, 147)
(105, 148)
(105, 150)
(105, 151)
(105, 152)
(105, 153)
(105, 154)
(105, 155)
(105, 156)
(105, 183)
(105, 188)
(105, 106)
(105, 108)
(105, 109)
(105, 110)
(105, 111)
(105, 112)
(105, 113)
(105, 115)
(105, 116)
(105, 117)
(105, 118)
(105, 119)
(105, 120)
(105, 122)
(105, 123)
(105, 124)
(105, 125)
(105, 126)
(105, 127)
(106, 128)
(106, 129)
(106, 131)
(106, 132)
(106, 133)
(106, 134)
(106, 135)
(106, 136)
(106, 137)
(106, 138)
(106, 139)
(106, 140)
(106, 141)
(106, 142)
(106, 143)
(106, 144)
(106, 145)
(106, 146)
(106, 147)
(106, 148)
(106, 149)
(106, 150)
(106, 151)
(106, 152)
(106, 154)
(106, 156)
(106, 175)
(106, 183)
(106, 188)
(106, 108)
(106, 109)
(106, 110)
(106, 111)
(106, 112)
(106, 113)
(106, 115)
(106, 116)
(106, 118)
(106, 119)
(106, 121)
(106, 122)
(106, 123)
(106, 124)
(106, 125)
(106, 126)
(106, 127)
(107, 128)
(107, 131)
(107, 132)
(107, 135)
(107, 137)
(107, 138)
(107, 139)
(107, 142)
(107, 146)
(107, 147)
(107, 150)
(107, 154)
(107, 183)
(107, 188)
(107, 108)
(107, 109)
(107, 111)
(107, 112)
(107, 113)
(107, 114)
(107, 116)
(107, 117)
(107, 120)
(107, 121)
(107, 124)
(108, 128)
(108, 129)
(108, 130)
(108, 131)
(108, 132)
(108, 134)
(108, 135)
(108, 137)
(108, 138)
(108, 139)
(108, 140)
(108, 142)
(108, 144)
(108, 145)
(108, 146)
(108, 147)
(108, 150)
(108, 151)
(108, 152)
(108, 154)
(108, 155)
(108, 156)
(108, 183)
(108, 109)
(108, 110)
(108, 111)
(108, 112)
(108, 113)
(108, 114)
(108, 115)
(108, 116)
(108, 117)
(108, 120)
(108, 121)
(108, 124)
(109, 128)
(109, 129)
(109, 130)
(109, 131)
(109, 132)
(109, 134)
(109, 135)
(109, 136)
(109, 137)
(109, 138)
(109, 139)
(109, 140)
(109, 141)
(109, 142)
(109, 143)
(109, 145)
(109, 146)
(109, 147)
(109, 150)
(109, 152)
(109, 153)
(109, 154)
(109, 155)
(109, 156)
(109, 188)
(109, 110)
(109, 111)
(109, 112)
(109, 116)
(109, 117)
(109, 118)
(109, 119)
(109, 120)
(109, 121)
(109, 122)
(109, 124)
(109, 125)
(109, 126)
(110, 129)
(110, 131)
(110, 133)
(110, 134)
(110, 135)
(110, 136)
(110, 138)
(110, 139)
(110, 140)
(110, 141)
(110, 142)
(110, 145)
(110, 146)
(110, 147)
(110, 148)
(110, 149)
(110, 151)
(110, 152)
(110, 155)
(110, 156)
(110, 183)
(110, 188)
(110, 231)
(110, 111)
(110, 112)
(110, 113)
(110, 115)
(110, 116)
(110, 117)
(110, 118)
(110, 119)
(110, 120)
(110, 122)
(110, 124)
(110, 125)
(110, 126)
(111, 128)
(111, 129)
(111, 132)
(111, 133)
(111, 134)
(111, 135)
(111, 136)
(111, 137)
(111, 138)
(111, 139)
(111, 140)
(111, 141)
(111, 142)
(111, 144)
(111, 145)
(111, 146)
(111, 147)
(111, 149)
(111, 150)
(111, 151)
(111, 152)
(111, 153)
(111, 154)
(111, 155)
(111, 156)
(111, 183)
(111, 113)
(111, 114)
(111, 115)
(111, 116)
(111, 118)
(111, 119)
(111, 122)
(111, 123)
(111, 124)
(111, 125)
(111, 126)
(111, 127)
(112, 128)
(112, 129)
(112, 130)
(112, 131)
(112, 132)
(112, 135)
(112, 137)
(112, 138)
(112, 139)
(112, 140)
(112, 141)
(112, 142)
(112, 143)
(112, 144)
(112, 146)
(112, 147)
(112, 150)
(112, 153)
(112, 154)
(112, 155)
(112, 156)
(112, 183)
(112, 113)
(112, 114)
(112, 115)
(112, 116)
(112, 117)
(112, 119)
(112, 120)
(112, 121)
(112, 122)
(112, 124)
(112, 126)
(113, 128)
(113, 129)
(113, 130)
(113, 131)
(113, 132)
(113, 133)
(113, 134)
(113, 135)
(113, 136)
(113, 137)
(113, 138)
(113, 139)
(113, 140)
(113, 141)
(113, 142)
(113, 147)
(113, 156)
(113, 188)
(113, 114)
(113, 115)
(113, 117)
(113, 118)
(113, 119)
(113, 120)
(113, 121)
(113, 122)
(113, 123)
(113, 124)
(113, 125)
(113, 127)
(114, 128)
(114, 130)
(114, 131)
(114, 132)
(114, 135)
(114, 137)
(114, 138)
(114, 139)
(114, 142)
(114, 144)
(114, 147)
(114, 152)
(114, 153)
(114, 154)
(114, 120)
(114, 121)
(114, 124)
(114, 127)
(115, 128)
(115, 129)
(115, 130)
(115, 132)
(115, 133)
(115, 135)
(115, 136)
(115, 137)
(115, 138)
(115, 139)
(115, 140)
(115, 141)
(115, 142)
(115, 144)
(115, 145)
(115, 146)
(115, 147)
(115, 150)
(115, 151)
(115, 152)
(115, 153)
(115, 154)
(115, 155)
(115, 156)
(115, 183)
(115, 188)
(115, 231)
(115, 116)
(115, 117)
(115, 118)
(115, 119)
(115, 120)
(115, 121)
(115, 122)
(115, 124)
(115, 125)
(115, 126)
(115, 127)
(116, 129)
(116, 130)
(116, 131)
(116, 132)
(116, 133)
(116, 135)
(116, 136)
(116, 137)
(116, 138)
(116, 139)
(116, 140)
(116, 141)
(116, 142)
(116, 144)
(116, 145)
(116, 146)
(116, 147)
(116, 150)
(116, 151)
(116, 154)
(116, 155)
(116, 156)
(116, 188)
(116, 117)
(116, 118)
(116, 119)
(116, 120)
(116, 121)
(116, 122)
(116, 124)
(116, 125)
(116, 126)
(117, 128)
(117, 130)
(117, 131)
(117, 132)
(117, 134)
(117, 135)
(117, 137)
(117, 138)
(117, 139)
(117, 140)
(117, 141)
(117, 142)
(117, 145)
(117, 146)
(117, 147)
(117, 150)
(117, 153)
(117, 154)
(117, 155)
(117, 156)
(117, 183)
(117, 120)
(117, 121)
(117, 124)
(117, 126)
(118, 128)
(118, 129)
(118, 131)
(118, 133)
(118, 134)
(118, 136)
(118, 137)
(118, 138)
(118, 140)
(118, 141)
(118, 142)
(118, 143)
(118, 145)
(118, 146)
(118, 148)
(118, 150)
(118, 151)
(118, 154)
(118, 156)
(118, 119)
(118, 122)
(118, 123)
(118, 124)
(118, 125)
(118, 126)
(118, 127)
(119, 128)
(119, 129)
(119, 131)
(119, 133)
(119, 134)
(119, 135)
(119, 136)
(119, 137)
(119, 138)
(119, 141)
(119, 142)
(119, 144)
(119, 145)
(119, 146)
(119, 151)
(119, 153)
(119, 154)
(119, 156)
(119, 183)
(119, 188)
(119, 122)
(119, 123)
(119, 124)
(119, 125)
(119, 126)
(119, 127)
(120, 128)
(120, 130)
(120, 131)
(120, 132)
(120, 135)
(120, 137)
(120, 138)
(120, 139)
(120, 140)
(120, 141)
(120, 142)
(120, 143)
(120, 145)
(120, 146)
(120, 147)
(120, 150)
(120, 151)
(120, 152)
(120, 154)
(120, 155)
(120, 156)
(120, 121)
(120, 124)
(121, 130)
(121, 131)
(121, 132)
(121, 135)
(121, 138)
(121, 141)
(121, 142)
(121, 143)
(121, 145)
(121, 146)
(121, 147)
(121, 151)
(121, 152)
(121, 156)
(121, 123)
(121, 124)
(122, 128)
(122, 129)
(122, 131)
(122, 133)
(122, 134)
(122, 135)
(122, 136)
(122, 137)
(122, 138)
(122, 139)
(122, 140)
(122, 141)
(122, 142)
(122, 144)
(122, 145)
(122, 146)
(122, 147)
(122, 150)
(122, 151)
(122, 154)
(122, 155)
(122, 156)
(122, 183)
(122, 123)
(122, 124)
(122, 125)
(122, 126)
(122, 127)
(123, 129)
(123, 134)
(123, 135)
(123, 136)
(123, 141)
(123, 151)
(123, 125)
(123, 126)
(124, 125)
(124, 126)
(124, 127)
(124, 128)
(124, 129)
(124, 130)
(124, 131)
(124, 132)
(124, 133)
(124, 134)
(124, 135)
(124, 136)
(124, 137)
(124, 138)
(124, 139)
(124, 140)
(124, 141)
(124, 142)
(124, 143)
(124, 144)
(124, 145)
(124, 146)
(124, 147)
(124, 148)
(124, 149)
(124, 150)
(124, 151)
(124, 152)
(124, 153)
(124, 154)
(124, 155)
(124, 156)
(124, 183)
(124, 188)
(125, 129)
(125, 133)
(125, 134)
(125, 136)
(125, 141)
(125, 142)
(125, 144)
(125, 145)
(125, 150)
(125, 151)
(125, 153)
(125, 154)
(125, 155)
(125, 156)
(125, 188)
(125, 126)
(125, 127)
(126, 128)
(126, 129)
(126, 130)
(126, 131)
(126, 133)
(126, 134)
(126, 135)
(126, 136)
(126, 137)
(126, 138)
(126, 139)
(126, 140)
(126, 141)
(126, 142)
(126, 144)
(126, 145)
(126, 146)
(126, 147)
(126, 148)
(126, 149)
(126, 150)
(126, 151)
(126, 153)
(126, 154)
(126, 155)
(126, 156)
(126, 183)
(126, 188)
(126, 127)
(127, 128)
(127, 131)
(127, 133)
(127, 134)
(127, 135)
(127, 136)
(127, 137)
(127, 138)
(127, 139)
(127, 140)
(127, 141)
(127, 142)
(127, 144)
(127, 145)
(127, 146)
(127, 147)
(127, 148)
(127, 150)
(127, 154)
(127, 156)
(127, 183)
(128, 129)
(128, 130)
(128, 131)
(128, 132)
(128, 133)
(128, 134)
(128, 135)
(128, 136)
(128, 138)
(128, 139)
(128, 141)
(128, 142)
(128, 143)
(128, 144)
(128, 145)
(128, 146)
(128, 155)
(128, 156)
(128, 183)
(129, 131)
(129, 133)
(129, 134)
(129, 135)
(129, 136)
(129, 138)
(129, 141)
(129, 142)
(129, 146)
(129, 151)
(129, 154)
(129, 156)
(129, 183)
(129, 188)
(130, 131)
(130, 132)
(130, 135)
(130, 137)
(130, 138)
(130, 139)
(130, 140)
(130, 142)
(130, 145)
(130, 147)
(130, 150)
(130, 151)
(130, 152)
(130, 155)
(130, 156)
(130, 188)
(131, 132)
(131, 135)
(131, 137)
(131, 138)
(131, 139)
(131, 140)
(131, 141)
(131, 142)
(131, 145)
(131, 146)
(131, 147)
(131, 150)
(131, 151)
(131, 152)
(131, 154)
(131, 155)
(131, 156)
(131, 183)
(131, 188)
(132, 135)
(132, 137)
(132, 138)
(132, 139)
(132, 140)
(132, 141)
(132, 142)
(132, 145)
(132, 146)
(132, 147)
(132, 150)
(132, 154)
(132, 156)
(132, 183)
(132, 188)
(133, 134)
(133, 136)
(133, 137)
(133, 138)
(133, 139)
(133, 140)
(133, 141)
(133, 142)
(133, 144)
(133, 146)
(133, 148)
(133, 150)
(133, 151)
(133, 154)
(133, 156)
(133, 183)
(134, 136)
(134, 137)
(134, 138)
(134, 139)
(134, 140)
(134, 141)
(134, 142)
(134, 144)
(134, 146)
(134, 147)
(134, 149)
(134, 150)
(134, 151)
(134, 154)
(134, 156)
(134, 183)
(134, 188)
(135, 137)
(135, 138)
(135, 139)
(135, 140)
(135, 141)
(135, 142)
(135, 143)
(135, 144)
(135, 145)
(135, 146)
(135, 147)
(135, 150)
(135, 151)
(135, 152)
(135, 153)
(135, 154)
(135, 155)
(135, 156)
(135, 183)
(135, 188)
(136, 137)
(136, 138)
(136, 140)
(136, 141)
(136, 142)
(136, 145)
(136, 146)
(136, 147)
(136, 148)
(136, 149)
(136, 150)
(136, 154)
(136, 156)
(136, 183)
(137, 138)
(137, 139)
(137, 140)
(137, 141)
(137, 142)
(137, 143)
(137, 144)
(137, 145)
(137, 146)
(137, 147)
(138, 139)
(138, 140)
(138, 141)
(138, 142)
(138, 143)
(138, 144)
(138, 145)
(138, 146)
(138, 147)
(138, 150)
(138, 154)
(138, 155)
(138, 156)
(138, 183)
(138, 188)
(139, 140)
(139, 141)
(139, 142)
(139, 143)
(139, 144)
(139, 145)
(139, 146)
(139, 147)
(139, 150)
(139, 152)
(139, 154)
(139, 183)
(139, 199)
(139, 200)
(139, 201)
(139, 203)
(139, 205)
(139, 206)
(139, 207)
(139, 208)
(139, 209)
(139, 210)
(139, 211)
(139, 212)
(139, 216)
(139, 218)
(139, 219)
(139, 221)
(139, 230)
(139, 231)
(139, 233)
(140, 142)
(140, 144)
(140, 145)
(140, 146)
(140, 147)
(140, 150)
(140, 152)
(140, 154)
(140, 156)
(140, 183)
(141, 142)
(141, 143)
(141, 144)
(141, 145)
(141, 146)
(141, 147)
(141, 150)
(141, 151)
(141, 152)
(141, 153)
(141, 154)
(141, 155)
(141, 156)
(141, 188)
(142, 143)
(142, 144)
(142, 145)
(142, 146)
(142, 147)
(142, 149)
(142, 150)
(142, 151)
(142, 152)
(142, 154)
(142, 155)
(142, 156)
(142, 183)
(142, 188)
(143, 145)
(143, 146)
(143, 147)
(143, 150)
(143, 151)
(143, 153)
(143, 154)
(143, 155)
(143, 156)
(143, 183)
(144, 146)
(144, 147)
(144, 148)
(144, 150)
(144, 154)
(144, 156)
(144, 183)
(145, 146)
(145, 147)
(145, 150)
(145, 151)
(145, 153)
(145, 154)
(145, 155)
(145, 156)
(145, 183)
(145, 188)
(146, 147)
(146, 150)
(146, 154)
(146, 155)
(146, 156)
(146, 183)
(147, 150)
(147, 154)
(147, 155)
(147, 156)
(147, 188)
(148, 149)
(148, 152)
(148, 153)
(148, 188)
(149, 152)
(149, 155)
(149, 185)
(149, 188)
(149, 153)
(150, 151)
(150, 155)
(150, 156)
(151, 152)
(151, 153)
(151, 154)
(151, 155)
(151, 156)
(151, 188)
(152, 188)
(152, 153)
(152, 156)
(152, 155)
(152, 210)
(152, 220)
(152, 203)
(152, 198)
(152, 200)
(152, 202)
(152, 205)
(152, 206)
(152, 212)
(152, 216)
(152, 218)
(152, 219)
(152, 221)
(152, 208)
(152, 233)
(152, 231)
(152, 234)
(153, 155)
(153, 156)
(153, 188)
(154, 155)
(154, 156)
(154, 183)
(155, 156)
(155, 188)
(156, 188)
(157, 160)
(157, 161)
(157, 162)
(157, 163)
(157, 164)
(157, 165)
(157, 166)
(157, 167)
(157, 168)
(157, 169)
(157, 170)
(157, 171)
(157, 172)
(157, 173)
(157, 174)
(157, 175)
(157, 176)
(157, 158)
(157, 159)
(158, 160)
(158, 161)
(158, 164)
(158, 165)
(158, 167)
(158, 168)
(158, 170)
(158, 172)
(158, 173)
(158, 176)
(158, 214)
(159, 160)
(159, 161)
(159, 162)
(159, 165)
(159, 167)
(159, 168)
(159, 169)
(159, 170)
(159, 172)
(159, 240)
(159, 174)
(159, 176)
(159, 213)
(160, 161)
(160, 163)
(160, 165)
(160, 167)
(160, 168)
(160, 169)
(160, 171)
(160, 172)
(160, 175)
(160, 176)
(160, 213)
(161, 164)
(161, 165)
(161, 167)
(161, 168)
(161, 169)
(161, 170)
(161, 171)
(161, 172)
(161, 173)
(161, 174)
(161, 176)
(161, 213)
(161, 214)
(161, 215)
(162, 168)
(162, 174)
(162, 173)
(163, 164)
(163, 167)
(163, 169)
(163, 171)
(163, 174)
(163, 175)
(163, 176)
(163, 214)
(164, 167)
(164, 169)
(164, 173)
(164, 174)
(164, 175)
(164, 213)
(164, 215)
(165, 232)
(165, 169)
(165, 170)
(165, 172)
(165, 173)
(165, 176)
(165, 168)
(165, 213)
(167, 168)
(167, 169)
(167, 171)
(167, 172)
(167, 173)
(167, 174)
(167, 175)
(167, 213)
(167, 214)
(167, 215)
(168, 169)
(168, 171)
(168, 172)
(168, 173)
(168, 176)
(168, 213)
(168, 214)
(168, 240)
(169, 174)
(169, 176)
(169, 232)
(169, 214)
(170, 173)
(170, 175)
(171, 172)
(171, 173)
(171, 175)
(171, 213)
(172, 240)
(172, 175)
(172, 176)
(172, 213)
(172, 214)
(172, 215)
(173, 240)
(173, 174)
(173, 176)
(173, 242)
(173, 213)
(173, 214)
(173, 215)
(174, 175)
(174, 176)
(175, 232)
(175, 240)
(175, 213)
(176, 232)
(176, 213)
(176, 214)
(176, 215)
(177, 184)
(178, 184)
(180, 184)
(181, 187)
(181, 222)
(186, 187)
(187, 222)
(189, 192)
(189, 193)
(189, 194)
(189, 195)
(189, 196)
(189, 197)
(189, 190)
(189, 191)
(190, 224)
(190, 193)
(190, 194)
(190, 227)
(190, 228)
(190, 197)
(190, 192)
(190, 195)
(190, 196)
(190, 191)
(190, 223)
(191, 192)
(191, 193)
(191, 194)
(191, 227)
(191, 228)
(191, 229)
(191, 225)
(191, 226)
(191, 197)
(191, 224)
(191, 195)
(191, 196)
(191, 223)
(192, 224)
(192, 193)
(192, 194)
(192, 227)
(192, 228)
(192, 229)
(192, 225)
(192, 197)
(192, 226)
(192, 195)
(192, 196)
(192, 223)
(193, 225)
(193, 194)
(193, 227)
(193, 196)
(193, 229)
(193, 197)
(193, 226)
(193, 195)
(193, 223)
(194, 224)
(194, 225)
(194, 195)
(194, 228)
(194, 197)
(194, 196)
(194, 223)
(195, 224)
(195, 227)
(195, 228)
(195, 229)
(195, 225)
(195, 197)
(195, 226)
(195, 223)
(196, 227)
(196, 228)
(196, 229)
(196, 225)
(196, 226)
(196, 197)
(196, 224)
(196, 223)
(197, 224)
(197, 227)
(197, 228)
(197, 229)
(197, 225)
(197, 226)
(197, 223)
(198, 199)
(198, 200)
(198, 201)
(198, 202)
(198, 203)
(198, 204)
(198, 205)
(198, 206)
(198, 207)
(198, 208)
(198, 209)
(198, 210)
(198, 211)
(198, 212)
(199, 200)
(199, 201)
(199, 202)
(199, 204)
(199, 205)
(199, 206)
(199, 207)
(199, 210)
(199, 212)
(199, 216)
(199, 217)
(199, 218)
(199, 219)
(199, 220)
(199, 208)
(199, 233)
(200, 201)
(200, 202)
(200, 203)
(200, 204)
(200, 205)
(200, 207)
(200, 209)
(200, 210)
(200, 211)
(200, 212)
(200, 216)
(200, 217)
(200, 218)
(200, 219)
(200, 220)
(200, 221)
(200, 208)
(200, 233)
(200, 234)
(201, 202)
(201, 203)
(201, 204)
(201, 205)
(201, 207)
(201, 209)
(201, 210)
(201, 211)
(201, 212)
(201, 219)
(201, 220)
(201, 221)
(201, 208)
(201, 233)
(202, 203)
(202, 204)
(202, 205)
(202, 206)
(202, 207)
(202, 209)
(202, 210)
(202, 211)
(202, 212)
(202, 216)
(202, 217)
(202, 218)
(202, 219)
(202, 220)
(202, 221)
(202, 208)
(202, 233)
(203, 204)
(203, 205)
(203, 206)
(203, 210)
(203, 212)
(203, 216)
(203, 218)
(203, 219)
(203, 208)
(204, 205)
(204, 206)
(204, 207)
(204, 208)
(204, 209)
(204, 210)
(204, 212)
(204, 216)
(204, 217)
(204, 218)
(204, 220)
(204, 233)
(205, 207)
(205, 209)
(205, 210)
(205, 211)
(205, 212)
(205, 216)
(205, 218)
(205, 219)
(205, 220)
(205, 221)
(205, 233)
(205, 234)
(206, 207)
(206, 210)
(206, 211)
(206, 212)
(206, 216)
(206, 218)
(206, 219)
(206, 221)
(206, 208)
(206, 233)
(207, 209)
(207, 210)
(207, 211)
(207, 212)
(207, 216)
(207, 217)
(207, 218)
(207, 219)
(207, 220)
(207, 221)
(207, 208)
(207, 231)
(207, 233)
(207, 234)
(208, 209)
(208, 210)
(208, 211)
(208, 212)
(208, 216)
(208, 218)
(208, 219)
(208, 220)
(208, 221)
(209, 210)
(209, 212)
(209, 216)
(209, 217)
(209, 218)
(209, 219)
(209, 220)
(209, 233)
(209, 234)
(210, 211)
(210, 212)
(210, 216)
(210, 217)
(210, 218)
(210, 219)
(210, 220)
(210, 221)
(210, 233)
(210, 234)
(211, 212)
(211, 216)
(211, 218)
(211, 219)
(211, 220)
(211, 233)
(212, 216)
(212, 217)
(212, 218)
(212, 219)
(212, 220)
(212, 221)
(212, 231)
(212, 233)
(213, 240)
(213, 214)
(214, 240)
(214, 215)
(215, 242)
(216, 217)
(216, 218)
(216, 219)
(217, 218)
(217, 219)
(217, 220)
(217, 221)
(218, 219)
(218, 220)
(218, 221)
(218, 233)
(219, 220)
(219, 233)
(220, 233)
(221, 234)
(223, 224)
(223, 225)
(223, 226)
(223, 227)
(223, 228)
(223, 229)
(224, 227)
(224, 228)
(224, 226)
(224, 229)
(225, 227)
(225, 228)
(225, 229)
(226, 227)
(226, 228)
(226, 229)
(228, 229)
(230, 231)
(231, 234)
(237, 238)
